
[-2.000000][-1.000000][0.000000][1.000000][2.000000]
[-1.000000][-1.000000][0.000000][1.000000][2.000000]
[0.000000][0.000000][0.000000][1.000000][2.000000]
[1.000000][1.000000][1.000000][1.000000][2.000000]
[2.000000][2.000000][2.000000][2.000000][2.000000]
****** Finding Eigenvalues ******

******  Eigenvalues ******

[5.630339][-0.000614][0.000087][-0.000226][0.000067]
[-0.000614][-0.277625][0.000650][-0.000001][0.000133]
[0.000087][0.000650][-0.391460][-0.000650][-0.000190]
[-0.000226][-0.000001][-0.000650][-0.786441][0.000124]
[0.000067][0.000133][-0.000190][0.000124][-4.177852]
eigenvalue   1, =     5.630339
eigenvector:
    0.220174   -0.199455   -0.387837   -0.537850   -0.687887

eigenvalue   2, =    -0.277625
eigenvector:
    0.259367    0.521340    0.605456    0.146992   -0.523237

eigenvalue   3, =    -0.391460
eigenvector:
    0.344437   -0.639530    0.045183    0.645742   -0.233341

eigenvalue   4, =    -0.786441
eigenvector:
    0.490901    0.502977   -0.625612    0.321376    0.112462

eigenvalue   5, =    -4.177852
eigenvector:
    0.724315   -0.162827    0.303609   -0.414028    0.431206

Rotations: 50001
Total time:0.105867 sec
