
[16.000000][15.000000][14.000000][13.000000][12.000000][11.000000][10.000000][9.000000][8.000000][7.000000][6.000000][5.000000][4.000000][3.000000][2.000000][1.000000][0.000000][-1.000000][-2.000000][-3.000000][-4.000000][-5.000000][-6.000000][-7.000000][-8.000000][-9.000000][-10.000000][-11.000000][-12.000000][-13.000000][-14.000000][-15.000000]
[15.000000][16.000000][15.000000][14.000000][13.000000][12.000000][11.000000][10.000000][9.000000][8.000000][7.000000][6.000000][5.000000][4.000000][3.000000][2.000000][1.000000][0.000000][-1.000000][-2.000000][-3.000000][-4.000000][-5.000000][-6.000000][-7.000000][-8.000000][-9.000000][-10.000000][-11.000000][-12.000000][-13.000000][-14.000000]
[14.000000][15.000000][16.000000][15.000000][14.000000][13.000000][12.000000][11.000000][10.000000][9.000000][8.000000][7.000000][6.000000][5.000000][4.000000][3.000000][2.000000][1.000000][0.000000][-1.000000][-2.000000][-3.000000][-4.000000][-5.000000][-6.000000][-7.000000][-8.000000][-9.000000][-10.000000][-11.000000][-12.000000][-13.000000]
[13.000000][14.000000][15.000000][16.000000][15.000000][14.000000][13.000000][12.000000][11.000000][10.000000][9.000000][8.000000][7.000000][6.000000][5.000000][4.000000][3.000000][2.000000][1.000000][0.000000][-1.000000][-2.000000][-3.000000][-4.000000][-5.000000][-6.000000][-7.000000][-8.000000][-9.000000][-10.000000][-11.000000][-12.000000]
[12.000000][13.000000][14.000000][15.000000][16.000000][15.000000][14.000000][13.000000][12.000000][11.000000][10.000000][9.000000][8.000000][7.000000][6.000000][5.000000][4.000000][3.000000][2.000000][1.000000][0.000000][-1.000000][-2.000000][-3.000000][-4.000000][-5.000000][-6.000000][-7.000000][-8.000000][-9.000000][-10.000000][-11.000000]
[11.000000][12.000000][13.000000][14.000000][15.000000][16.000000][15.000000][14.000000][13.000000][12.000000][11.000000][10.000000][9.000000][8.000000][7.000000][6.000000][5.000000][4.000000][3.000000][2.000000][1.000000][0.000000][-1.000000][-2.000000][-3.000000][-4.000000][-5.000000][-6.000000][-7.000000][-8.000000][-9.000000][-10.000000]
[10.000000][11.000000][12.000000][13.000000][14.000000][15.000000][16.000000][15.000000][14.000000][13.000000][12.000000][11.000000][10.000000][9.000000][8.000000][7.000000][6.000000][5.000000][4.000000][3.000000][2.000000][1.000000][0.000000][-1.000000][-2.000000][-3.000000][-4.000000][-5.000000][-6.000000][-7.000000][-8.000000][-9.000000]
[9.000000][10.000000][11.000000][12.000000][13.000000][14.000000][15.000000][16.000000][15.000000][14.000000][13.000000][12.000000][11.000000][10.000000][9.000000][8.000000][7.000000][6.000000][5.000000][4.000000][3.000000][2.000000][1.000000][0.000000][-1.000000][-2.000000][-3.000000][-4.000000][-5.000000][-6.000000][-7.000000][-8.000000]
[8.000000][9.000000][10.000000][11.000000][12.000000][13.000000][14.000000][15.000000][16.000000][15.000000][14.000000][13.000000][12.000000][11.000000][10.000000][9.000000][8.000000][7.000000][6.000000][5.000000][4.000000][3.000000][2.000000][1.000000][0.000000][-1.000000][-2.000000][-3.000000][-4.000000][-5.000000][-6.000000][-7.000000]
[7.000000][8.000000][9.000000][10.000000][11.000000][12.000000][13.000000][14.000000][15.000000][16.000000][15.000000][14.000000][13.000000][12.000000][11.000000][10.000000][9.000000][8.000000][7.000000][6.000000][5.000000][4.000000][3.000000][2.000000][1.000000][0.000000][-1.000000][-2.000000][-3.000000][-4.000000][-5.000000][-6.000000]
[6.000000][7.000000][8.000000][9.000000][10.000000][11.000000][12.000000][13.000000][14.000000][15.000000][16.000000][15.000000][14.000000][13.000000][12.000000][11.000000][10.000000][9.000000][8.000000][7.000000][6.000000][5.000000][4.000000][3.000000][2.000000][1.000000][0.000000][-1.000000][-2.000000][-3.000000][-4.000000][-5.000000]
[5.000000][6.000000][7.000000][8.000000][9.000000][10.000000][11.000000][12.000000][13.000000][14.000000][15.000000][16.000000][15.000000][14.000000][13.000000][12.000000][11.000000][10.000000][9.000000][8.000000][7.000000][6.000000][5.000000][4.000000][3.000000][2.000000][1.000000][0.000000][-1.000000][-2.000000][-3.000000][-4.000000]
[4.000000][5.000000][6.000000][7.000000][8.000000][9.000000][10.000000][11.000000][12.000000][13.000000][14.000000][15.000000][16.000000][15.000000][14.000000][13.000000][12.000000][11.000000][10.000000][9.000000][8.000000][7.000000][6.000000][5.000000][4.000000][3.000000][2.000000][1.000000][0.000000][-1.000000][-2.000000][-3.000000]
[3.000000][4.000000][5.000000][6.000000][7.000000][8.000000][9.000000][10.000000][11.000000][12.000000][13.000000][14.000000][15.000000][16.000000][15.000000][14.000000][13.000000][12.000000][11.000000][10.000000][9.000000][8.000000][7.000000][6.000000][5.000000][4.000000][3.000000][2.000000][1.000000][0.000000][-1.000000][-2.000000]
[2.000000][3.000000][4.000000][5.000000][6.000000][7.000000][8.000000][9.000000][10.000000][11.000000][12.000000][13.000000][14.000000][15.000000][16.000000][15.000000][14.000000][13.000000][12.000000][11.000000][10.000000][9.000000][8.000000][7.000000][6.000000][5.000000][4.000000][3.000000][2.000000][1.000000][0.000000][-1.000000]
[1.000000][2.000000][3.000000][4.000000][5.000000][6.000000][7.000000][8.000000][9.000000][10.000000][11.000000][12.000000][13.000000][14.000000][15.000000][16.000000][15.000000][14.000000][13.000000][12.000000][11.000000][10.000000][9.000000][8.000000][7.000000][6.000000][5.000000][4.000000][3.000000][2.000000][1.000000][0.000000]
[0.000000][1.000000][2.000000][3.000000][4.000000][5.000000][6.000000][7.000000][8.000000][9.000000][10.000000][11.000000][12.000000][13.000000][14.000000][15.000000][16.000000][15.000000][14.000000][13.000000][12.000000][11.000000][10.000000][9.000000][8.000000][7.000000][6.000000][5.000000][4.000000][3.000000][2.000000][1.000000]
[-1.000000][0.000000][1.000000][2.000000][3.000000][4.000000][5.000000][6.000000][7.000000][8.000000][9.000000][10.000000][11.000000][12.000000][13.000000][14.000000][15.000000][16.000000][15.000000][14.000000][13.000000][12.000000][11.000000][10.000000][9.000000][8.000000][7.000000][6.000000][5.000000][4.000000][3.000000][2.000000]
[-2.000000][-1.000000][0.000000][1.000000][2.000000][3.000000][4.000000][5.000000][6.000000][7.000000][8.000000][9.000000][10.000000][11.000000][12.000000][13.000000][14.000000][15.000000][16.000000][15.000000][14.000000][13.000000][12.000000][11.000000][10.000000][9.000000][8.000000][7.000000][6.000000][5.000000][4.000000][3.000000]
[-3.000000][-2.000000][-1.000000][0.000000][1.000000][2.000000][3.000000][4.000000][5.000000][6.000000][7.000000][8.000000][9.000000][10.000000][11.000000][12.000000][13.000000][14.000000][15.000000][16.000000][15.000000][14.000000][13.000000][12.000000][11.000000][10.000000][9.000000][8.000000][7.000000][6.000000][5.000000][4.000000]
[-4.000000][-3.000000][-2.000000][-1.000000][0.000000][1.000000][2.000000][3.000000][4.000000][5.000000][6.000000][7.000000][8.000000][9.000000][10.000000][11.000000][12.000000][13.000000][14.000000][15.000000][16.000000][15.000000][14.000000][13.000000][12.000000][11.000000][10.000000][9.000000][8.000000][7.000000][6.000000][5.000000]
[-5.000000][-4.000000][-3.000000][-2.000000][-1.000000][0.000000][1.000000][2.000000][3.000000][4.000000][5.000000][6.000000][7.000000][8.000000][9.000000][10.000000][11.000000][12.000000][13.000000][14.000000][15.000000][16.000000][15.000000][14.000000][13.000000][12.000000][11.000000][10.000000][9.000000][8.000000][7.000000][6.000000]
[-6.000000][-5.000000][-4.000000][-3.000000][-2.000000][-1.000000][0.000000][1.000000][2.000000][3.000000][4.000000][5.000000][6.000000][7.000000][8.000000][9.000000][10.000000][11.000000][12.000000][13.000000][14.000000][15.000000][16.000000][15.000000][14.000000][13.000000][12.000000][11.000000][10.000000][9.000000][8.000000][7.000000]
[-7.000000][-6.000000][-5.000000][-4.000000][-3.000000][-2.000000][-1.000000][0.000000][1.000000][2.000000][3.000000][4.000000][5.000000][6.000000][7.000000][8.000000][9.000000][10.000000][11.000000][12.000000][13.000000][14.000000][15.000000][16.000000][15.000000][14.000000][13.000000][12.000000][11.000000][10.000000][9.000000][8.000000]
[-8.000000][-7.000000][-6.000000][-5.000000][-4.000000][-3.000000][-2.000000][-1.000000][0.000000][1.000000][2.000000][3.000000][4.000000][5.000000][6.000000][7.000000][8.000000][9.000000][10.000000][11.000000][12.000000][13.000000][14.000000][15.000000][16.000000][15.000000][14.000000][13.000000][12.000000][11.000000][10.000000][9.000000]
[-9.000000][-8.000000][-7.000000][-6.000000][-5.000000][-4.000000][-3.000000][-2.000000][-1.000000][0.000000][1.000000][2.000000][3.000000][4.000000][5.000000][6.000000][7.000000][8.000000][9.000000][10.000000][11.000000][12.000000][13.000000][14.000000][15.000000][16.000000][15.000000][14.000000][13.000000][12.000000][11.000000][10.000000]
[-10.000000][-9.000000][-8.000000][-7.000000][-6.000000][-5.000000][-4.000000][-3.000000][-2.000000][-1.000000][0.000000][1.000000][2.000000][3.000000][4.000000][5.000000][6.000000][7.000000][8.000000][9.000000][10.000000][11.000000][12.000000][13.000000][14.000000][15.000000][16.000000][15.000000][14.000000][13.000000][12.000000][11.000000]
[-11.000000][-10.000000][-9.000000][-8.000000][-7.000000][-6.000000][-5.000000][-4.000000][-3.000000][-2.000000][-1.000000][0.000000][1.000000][2.000000][3.000000][4.000000][5.000000][6.000000][7.000000][8.000000][9.000000][10.000000][11.000000][12.000000][13.000000][14.000000][15.000000][16.000000][15.000000][14.000000][13.000000][12.000000]
[-12.000000][-11.000000][-10.000000][-9.000000][-8.000000][-7.000000][-6.000000][-5.000000][-4.000000][-3.000000][-2.000000][-1.000000][0.000000][1.000000][2.000000][3.000000][4.000000][5.000000][6.000000][7.000000][8.000000][9.000000][10.000000][11.000000][12.000000][13.000000][14.000000][15.000000][16.000000][15.000000][14.000000][13.000000]
[-13.000000][-12.000000][-11.000000][-10.000000][-9.000000][-8.000000][-7.000000][-6.000000][-5.000000][-4.000000][-3.000000][-2.000000][-1.000000][0.000000][1.000000][2.000000][3.000000][4.000000][5.000000][6.000000][7.000000][8.000000][9.000000][10.000000][11.000000][12.000000][13.000000][14.000000][15.000000][16.000000][15.000000][14.000000]
[-14.000000][-13.000000][-12.000000][-11.000000][-10.000000][-9.000000][-8.000000][-7.000000][-6.000000][-5.000000][-4.000000][-3.000000][-2.000000][-1.000000][0.000000][1.000000][2.000000][3.000000][4.000000][5.000000][6.000000][7.000000][8.000000][9.000000][10.000000][11.000000][12.000000][13.000000][14.000000][15.000000][16.000000][15.000000]
[-15.000000][-14.000000][-13.000000][-12.000000][-11.000000][-10.000000][-9.000000][-8.000000][-7.000000][-6.000000][-5.000000][-4.000000][-3.000000][-2.000000][-1.000000][0.000000][1.000000][2.000000][3.000000][4.000000][5.000000][6.000000][7.000000][8.000000][9.000000][10.000000][11.000000][12.000000][13.000000][14.000000][15.000000][16.000000]
****** Finding Eigenvalues ******

******  Eigenvalues ******

[207.672928][0.000002][-0.000006][0.000988][0.000066][0.000023][-0.001554][0.000023][-0.002283][0.000316][0.001033][0.000084][-0.000210][0.000038][0.000054][0.001389][-0.000495][0.000014][-0.000190][-0.000654][-0.000263][0.001498][0.000164][-0.002908][0.000260][-0.001191][-0.001480][0.000904][-0.000160][0.001337][-0.001255][-0.002871]
[0.000001][207.672913][-0.002648][0.000007][-0.000246][0.000007][-0.002294][0.000035][-0.001849][-0.000219][-0.001461][-0.000552][-0.000044][-0.000641][-0.000068][0.000038][0.002228][0.000238][-0.002652][0.000735][0.002082][-0.003269][0.000444][0.002466][0.000225][0.000286][0.000924][-0.003805][0.001475][0.001294][0.004319][-0.001334]
[-0.000004][-0.002646][23.223640][-0.000004][0.000513][-0.000235][0.000146][0.000621][0.003887][0.001853][-0.000469][0.001447][-0.000631][0.003119][0.000158][-0.000214][-0.003235][0.003756][0.004114][-0.000276][0.002128][0.002311][-0.002266][0.001424][-0.000201][-0.000191][-0.002180][-0.000280][0.001519][0.003395][0.000067][0.003135]
[0.000989][0.000010][-0.000003][23.223623][0.001827][0.000594][-0.000380][0.000221][0.003421][-0.003715][-0.000010][-0.000061][-0.000535][-0.001402][-0.000357][0.002248][-0.003118][0.003785][-0.001559][-0.001629][-0.000342][-0.001014][0.002039][0.000650][-0.001210][0.000661][0.002010][0.001283][0.000378][-0.001037][0.001738][0.000138]
[0.000067][-0.000251][0.000512][0.001829][8.468943][-0.000002][0.002017][-0.000041][-0.000515][0.001513][-0.000792][-0.001344][-0.000076][0.000490][0.000193][-0.000536][0.001054][0.003214][0.001063][0.001183][0.004052][-0.002469][-0.001290][0.000603][-0.000568][0.001000][-0.001398][0.001180][-0.000070][0.000320][0.004190][0.001052]
[0.000025][0.000009][-0.000234][0.000594][-0.000002][8.468941][0.002869][-0.002804][-0.001101][0.000555][0.000216][0.000460][0.000077][-0.002489][-0.000224][-0.000276][-0.001607][-0.000730][0.000101][-0.003311][-0.000421][0.003349][-0.002166][-0.001397][-0.003643][-0.003682][0.002932][0.000395][-0.000726][0.002018][0.002505][-0.000848]
[-0.001553][-0.002290][0.000148][-0.000382][0.002018][0.002869][4.405465][-0.000014][0.001380][0.003487][-0.001859][0.003581][-0.001190][0.000876][-0.000428][-0.001553][-0.001684][-0.000570][0.002252][0.001453][0.001221][-0.004127][0.000549][-0.001274][0.001020][-0.003160][0.002414][-0.000511][-0.002054][0.003441][0.003299][-0.001490]
[0.000025][0.000036][0.000623][0.000222][-0.000041][-0.002802][-0.000014][4.405445][-0.004003][0.004293][0.003610][0.002929][-0.003441][-0.001920][0.001026][-0.000728][0.000813][-0.000595][0.002154][0.001295][-0.000622][-0.000263][0.003946][0.000913][0.000550][0.002838][0.003571][-0.002137][0.001124][-0.000996][0.003792][-0.000879]
[-0.002285][-0.001856][0.003883][0.003422][-0.000516][-0.001103][0.001381][-0.004003][2.735661][-0.000045][-0.004605][-0.004609][-0.000131][0.000026][-0.000271][0.000984][-0.000152][-0.002033][0.003850][-0.001672][-0.000416][0.001413][-0.002685][0.001557][-0.000015][0.001383][-0.003224][0.001163][-0.000936][-0.001802][-0.003168][0.000964]
[0.000316][-0.000215][0.001853][-0.003716][0.001513][0.000555][0.003486][0.004293][-0.000044][2.735683][-0.004608][-0.004609][0.000114][-0.000004][0.000690][-0.003278][0.000032][-0.001837][-0.002743][0.000872][-0.002005][-0.000394][-0.003319][-0.002144][0.000879][-0.000557][0.002820][0.000276][0.000617][-0.000364][0.003868][0.000387]
[0.001035][-0.001466][-0.000470][-0.000007][-0.000792][0.000215][-0.001859][0.003611][-0.004606][-0.004608][1.892114][0.000019][0.004608][-0.004598][0.000014][0.000037][0.001761][0.002605][-0.001350][0.000164][-0.001595][0.000531][-0.000043][0.001803][-0.000136][-0.002801][0.003026][0.000651][0.000038][0.003489][0.000115][-0.002008]
[0.000084][-0.000550][0.001447][-0.000062][-0.001345][0.000460][0.003582][0.002929][-0.004609][-0.004609][0.000021][1.892458][0.004608][0.002714][-0.000029][0.000132][0.004570][0.001166][0.000145][-0.000805][0.000354][-0.002909][0.000114][0.000948][-0.001557][0.000887][0.000346][-0.001230][-0.001321][0.001212][-0.000496][-0.000243]
[-0.000211][-0.000040][-0.000631][-0.000536][-0.000076][0.000076][-0.001190][-0.003442][-0.000131][0.000112][0.004608][0.004608][1.409029][-0.000154][-0.004603][0.004607][0.000242][-0.000158][0.000070][0.003566][0.002252][0.000008][-0.004572][-0.000074][0.003866][-0.000412][-0.001376][-0.003194][-0.000749][-0.000086][-0.004531][-0.000024]
[0.000039][-0.000639][0.003120][-0.001403][0.000490][-0.002489][0.000876][-0.001920][0.000025][-0.000004][-0.004597][0.002713][-0.000154][1.409021][-0.004604][0.004586][-0.000165][0.000231][-0.000912][0.000821][0.000254][-0.000467][0.001270][0.001178][0.004542][0.000203][0.000305][0.000058][-0.000101][-0.000162][0.004479][-0.000075]
[0.000055][-0.000064][0.000158][-0.000358][0.000193][-0.000225][-0.000429][0.001026][-0.000272][0.000690][0.000013][-0.000029][-0.004603][-0.004604][1.108500][-0.000309][-0.004605][0.004596][-0.000438][-0.001104][-0.003406][-0.003354][-0.001671][0.000724][-0.002249][0.001504][0.000177][0.000279][-0.000183][-0.001959][-0.001734][0.000003]
[0.001388][0.000042][-0.000213][0.002247][-0.000535][-0.000277][-0.001554][-0.000728][0.000983][-0.003279][0.000037][0.000132][0.004607][0.004586][-0.000308][1.108613][-0.001362][0.004522][0.000109][-0.000628][0.000957][-0.001659][-0.001311][0.001731][0.001305][0.004598][-0.001169][0.001585][-0.000246][-0.004600][0.002829][0.000815]
[-0.000496][0.002217][-0.003238][-0.003117][0.001054][-0.001607][-0.001683][0.000813][-0.000152][0.000033][0.001761][0.004571][0.000242][-0.000165][-0.004606][-0.001362][0.910639][-0.000163][-0.004539][-0.004450][0.001521][0.000560][-0.002387][0.001442][0.001305][0.002512][-0.002232][-0.000351][-0.001214][-0.000217][-0.000179][-0.000532]
[0.000013][0.000245][0.003757][0.003783][0.003215][-0.000729][-0.000569][-0.000594][-0.002033][-0.001836][0.002606][0.001166][-0.000158][0.000231][0.004597][0.004522][-0.000163][0.910579][0.004573][-0.004550][0.000692][0.000405][-0.000529][-0.002388][0.000640][0.004060][-0.000798][0.000990][0.000001][-0.000294][-0.001173][0.000305]
[-0.000189][-0.002640][0.004115][-0.001558][0.001064][0.000101][0.002253][0.002154][0.003850][-0.002744][-0.001350][0.000145][0.000069][-0.000913][-0.000438][0.000109][-0.004539][0.004573][0.774677][0.000499][0.004414][0.004607][0.000566][0.001636][0.000372][-0.000636][0.001052][0.004005][0.001012][0.004488][0.004044][-0.000077]
[-0.000652][0.000730][-0.000277][-0.001627][0.001183][-0.003312][0.001453][0.001296][-0.001672][0.000872][0.000163][-0.000805][0.003565][0.000821][-0.001104][-0.000628][-0.004449][-0.004551][0.000499][0.774734][-0.004591][-0.004569][0.000564][0.001784][-0.000233][-0.000169][-0.001387][0.003094][0.000093][-0.004165][-0.003338][-0.000583]
[-0.000262][0.002071][0.002126][-0.000341][0.004052][-0.000422][0.001221][-0.000623][-0.000416][-0.002005][-0.001595][0.000354][0.002252][0.000252][-0.003406][0.000957][0.001521][0.000692][0.004413][-0.004590][0.679232][0.000685][-0.004304][-0.001257][-0.004494][-0.000776][-0.001306][0.000161][0.004021][0.002536][0.001625][-0.004572]
[0.001498][-0.003253][0.002311][-0.001015][-0.002469][0.003349][-0.004127][-0.000263][0.001413][-0.000395][0.000531][-0.002909][0.000008][-0.000467][-0.003354][-0.001659][0.000560][0.000405][0.004607][-0.004569][0.000685][0.679410][0.004501][0.001201][-0.002570][0.003868][0.001180][0.001422][-0.004537][0.002447][0.001153][-0.001002]
[0.000164][0.000447][-0.002267][0.002041][-0.001290][-0.002166][0.000550][0.003948][-0.002684][-0.003319][-0.000043][0.000115][-0.004573][0.001270][-0.001671][-0.001311][-0.002386][-0.000529][0.000566][0.000564][-0.004304][0.004501][0.611595][0.004588][-0.000046][0.002612][-0.000714][-0.000158][0.001994][-0.003737][-0.004030][0.002299]
[-0.002908][0.002472][0.001423][0.000651][0.000603][-0.001396][-0.001274][0.000913][0.001557][-0.002144][0.001802][0.000947][-0.000074][0.001178][0.000724][0.001730][0.001442][-0.002388][0.001636][0.001784][-0.001257][0.001201][0.004588][0.562931][0.001113][0.001297][0.003772][-0.003982][0.002756][-0.003711][0.003295][0.002077]
[0.000260][0.000206][-0.000203][-0.001209][-0.000568][-0.003643][0.001020][0.000551][-0.000015][0.000879][-0.000137][-0.001557][0.003866][0.004542][-0.002249][0.001305][0.001306][0.000640][0.000372][-0.000232][-0.004494][-0.002570][-0.000045][0.001112][0.611771][0.004479][0.001229][-0.000228][-0.002232][0.000979][-0.000861][-0.002664]
[-0.001190][0.000262][-0.000193][0.000664][0.001000][-0.003682][-0.003160][0.002838][0.001385][-0.000558][-0.002801][0.000887][-0.000412][0.000202][0.001504][0.004598][0.002512][0.004060][-0.000635][-0.000169][-0.000776][0.003868][0.002612][0.001297][0.004479][0.562691][-0.004337][0.004356][0.000595][0.003125][0.004295][0.004026]
[-0.001482][0.000911][-0.002181][0.002010][-0.001399][0.002932][0.002415][0.003571][-0.003223][0.002819][0.003025][0.000347][-0.001376][0.000305][0.000178][-0.001168][-0.002232][-0.000797][0.001052][-0.001387][-0.001305][0.001180][-0.000714][0.003773][0.001229][-0.004338][0.530960][-0.000794][0.004048][0.003378][-0.000317][-0.002440]
[0.000904][-0.003809][-0.000281][0.001285][0.001179][0.000395][-0.000511][-0.002136][0.001163][0.000276][0.000651][-0.001229][-0.003194][0.000057][0.000279][0.001585][-0.000350][0.000990][0.004005][0.003094][0.000160][0.001421][-0.000158][-0.003982][-0.000228][0.004355][-0.000793][0.531614][-0.003905][0.002959][0.002696][0.001929]
[-0.000159][0.001470][0.001520][0.000377][-0.000070][-0.000725][-0.002055][0.001123][-0.000937][0.000617][0.000038][-0.001321][-0.000748][-0.000100][-0.000183][-0.000247][-0.001214][0.000001][0.001012][0.000094][0.004021][-0.004537][0.001994][0.002756][-0.002232][0.000596][0.004047][-0.003905][0.508100][-0.000596][-0.003273][0.003520]
[0.001338][0.001284][0.003393][-0.001035][0.000319][0.002017][0.003440][-0.000996][-0.001801][-0.000364][0.003489][0.001212][-0.000086][-0.000163][-0.001958][-0.004600][-0.000216][-0.000294][0.004488][-0.004164][0.002536][0.002447][-0.003737][-0.003711][0.000979][0.003125][0.003378][0.002960][-0.000596][0.512508][-0.001213][-0.000793]
[-0.001254][0.004319][0.000067][0.001739][0.004191][0.002504][0.003299][0.003792][-0.003167][0.003868][0.000115][-0.000496][-0.004532][0.004479][-0.001734][0.002828][-0.000178][-0.001173][0.004044][-0.003338][0.001624][0.001153][-0.004030][0.003295][-0.000861][0.004295][-0.000317][0.002696][-0.003274][-0.001213][0.504497][-0.001708]
[-0.002871][-0.001342][0.003134][0.000137][0.001052][-0.000849][-0.001490][-0.000879][0.000964][0.000387][-0.002007][-0.000243][-0.000024][-0.000075][0.000003][0.000814][-0.000532][0.000305][-0.000077][-0.000583][-0.004573][-0.001002][0.002299][0.002077][-0.002664][0.004026][-0.002440][0.001929][0.003520][-0.000793][-0.001709][0.504857]
eigenvalue   1, =   207.672928
eigenvector:
    0.249508   -0.015753    0.201588    0.147740    0.213323
    0.130481   -0.095455    0.229882   -0.138956    0.207507
   -0.149836   -0.196025   -0.188542   -0.161279    0.243769
   -0.036573   -0.214500    0.119725    0.221955    0.149163
   -0.202537   -0.130044   -0.236748   -0.095575    0.107184
    0.269286    0.190197   -0.082069    0.096541   -0.047088
   -0.001898    0.334069
eigenvalue   2, =   207.672913
eigenvector:
    0.249840    0.008778    0.150074    0.199960    0.127162
    0.215120   -0.220956    0.117989    0.073637    0.237023
   -0.252110    0.038520    0.109001   -0.219642    0.007258
   -0.244066   -0.099951   -0.242584    0.076024   -0.211637
   -0.040733    0.249388    0.084229    0.236358   -0.244785
   -0.226081   -0.100812    0.153359   -0.054002    0.136397
    0.019290   -0.301048
eigenvalue   3, =    23.223640
eigenvector:
    0.247786    0.033215    0.085642    0.234894    0.010481
    0.250260   -0.245548   -0.048228    0.233631    0.092448
   -0.083985    0.230740    0.244039    0.030772   -0.244268
   -0.019802    0.235517   -0.077481   -0.256370   -0.021234
    0.258265   -0.091953    0.129419   -0.288723    0.199635
    0.079975    0.009824   -0.203117   -0.007022   -0.213729
   -0.028414    0.262002
eigenvalue   4, =    23.223623
eigenvector:
    0.243332    0.057346    0.013616    0.249542   -0.108587
    0.225365   -0.159003   -0.192524    0.221236   -0.119454
    0.168831    0.179733    0.038158    0.241297   -0.061591
    0.244444    0.060388    0.256508    0.061470    0.218312
   -0.219740   -0.168949   -0.258237    0.229422   -0.014894
    0.100846    0.057640    0.204548    0.081432    0.270255
    0.016614   -0.224457
eigenvalue   5, =     8.468943
eigenvector:
    0.236538    0.080937   -0.059379    0.242795   -0.201693
    0.147066    0.000566   -0.249890    0.046385   -0.244777
    0.247259   -0.059318   -0.218296    0.111089    0.235637
    0.071539   -0.247988    0.026355    0.228833   -0.104907
   -0.036343    0.251306    0.196250   -0.082108   -0.161401
   -0.230045   -0.099237   -0.154881   -0.162689   -0.303500
    0.008789    0.190261
eigenvalue   6, =     8.468941
eigenvector:
    0.227466    0.103708   -0.127134    0.215235   -0.247596
    0.034525    0.158960   -0.193651   -0.160934   -0.193296
    0.059862   -0.238384   -0.167033   -0.180716    0.109320
   -0.230541   -0.018813   -0.256490   -0.198903   -0.156558
    0.244307   -0.066353    0.021271   -0.086777    0.204278
    0.254674    0.111761    0.074338    0.238551    0.302272
   -0.036410   -0.154839
eigenvalue   7, =     4.405465
eigenvector:
    0.216216    0.125506   -0.184075    0.169082   -0.235024
   -0.086229    0.245363   -0.048784   -0.251805    0.000950
   -0.189636   -0.165794    0.119267   -0.216746   -0.217715
   -0.121512    0.256058    0.027860   -0.105616    0.189306
   -0.190856   -0.185752   -0.231860    0.211111   -0.099614
   -0.170347   -0.088858    0.022535   -0.298856   -0.253009
    0.058989    0.113372
eigenvalue   8, =     4.405445
eigenvector:
    0.202857    0.146104   -0.225471    0.108261   -0.166521
   -0.186687    0.220040    0.117058   -0.156563    0.196493
   -0.237118    0.084880    0.237741    0.055944   -0.147358
    0.210550   -0.029566    0.238817    0.246855    0.057151
   -0.071876    0.236742    0.277670   -0.250104   -0.073172
    0.003920    0.034300   -0.121055    0.340552    0.164569
   -0.075244   -0.071700
eigenvalue   9, =     2.735661
eigenvector:
    0.187570    0.165285   -0.247205    0.038136   -0.059107
   -0.242822    0.094654    0.230658    0.051971    0.246785
   -0.032043    0.245740    0.017623    0.250043    0.185250
    0.157430   -0.259413   -0.071421   -0.031390   -0.230533
    0.274888   -0.037867   -0.121133    0.189153    0.193595
    0.171760    0.038079    0.194802   -0.364667   -0.060220
    0.070986    0.037696
eigenvalue  10, =     2.735683
eigenvector:
    0.170465    0.182863   -0.247515   -0.035180    0.062833
   -0.241801   -0.073023    0.239209    0.223885    0.115915
    0.203851    0.146549   -0.226583    0.092747    0.183454
   -0.169817    0.090372   -0.216781   -0.220376    0.080671
   -0.201128   -0.191330   -0.126619   -0.054827   -0.167580
   -0.262691   -0.111308   -0.216033    0.369032   -0.037251
   -0.028302   -0.013955
eigenvalue  11, =     1.892114
eigenvector:
    0.151719    0.198705   -0.226587   -0.105636    0.169469
   -0.183625   -0.207563    0.139022    0.230066   -0.097991
    0.223150   -0.108689   -0.148714   -0.201186   -0.147452
   -0.198702    0.239371    0.105928    0.144850    0.188521
   -0.077785    0.192203    0.284894   -0.097721    0.009755
    0.221436    0.177042    0.164355   -0.349700    0.110117
   -0.039828   -0.003122
eigenvalue  12, =     1.892458
eigenvector:
    0.131514    0.212604   -0.186329   -0.166943    0.235880
   -0.082243   -0.247557   -0.022733    0.066985   -0.241222
    0.008101   -0.248727    0.137340   -0.210617   -0.213609
    0.128304   -0.140533    0.196553    0.140685   -0.197900
    0.260748    0.035813   -0.235038    0.210300    0.165089
   -0.074736   -0.220936   -0.046416    0.306195   -0.157265
    0.110369    0.017131
eigenvalue  13, =     1.409029
eigenvector:
    0.110033    0.224476   -0.129634   -0.213769    0.247351
    0.038351   -0.176638   -0.175338   -0.142697   -0.208820
   -0.215988   -0.127672    0.232825    0.082861    0.106969
    0.232748   -0.205148   -0.142524   -0.216794   -0.074714
   -0.152488   -0.235102    0.019498   -0.230942   -0.232496
   -0.093468    0.225883   -0.097688   -0.245156    0.189121
   -0.171804   -0.029761
eigenvalue  14, =     1.409021
eigenvector:
    0.087509    0.234182   -0.062097   -0.242079    0.199548
    0.150689   -0.024131   -0.249777   -0.249242   -0.022680
   -0.208538    0.131262   -0.003293    0.255272    0.237348
   -0.090108    0.176939   -0.168371   -0.023739    0.247475
   -0.118069    0.190429    0.194469    0.139694    0.142141
    0.197063   -0.187516    0.220668    0.182068   -0.208960
    0.215837    0.036344
eigenvalue  15, =     1.108500
eigenvector:
    0.064130    0.241635    0.010677   -0.249620    0.104943
    0.226388    0.137758   -0.209261   -0.172764    0.180783
    0.016207    0.249953   -0.240764    0.069659   -0.067057
   -0.241892    0.167756    0.176020    0.231796   -0.064332
    0.254624    0.048461   -0.251641    0.031356    0.050692
   -0.186224    0.100780   -0.290707   -0.128472    0.197499
   -0.250153   -0.022836
eigenvalue  16, =     1.108613
eigenvector:
    0.040138    0.246763    0.082897   -0.236015   -0.014488
    0.249085    0.238641   -0.074345    0.030623    0.250275
    0.224963    0.106225   -0.126610   -0.218983   -0.251847
    0.033992   -0.207507    0.132782   -0.113627   -0.225324
   -0.115804   -0.236386    0.120858   -0.202386   -0.212088
    0.073454    0.021791    0.292817    0.083932   -0.149374
    0.284188   -0.016361
eigenvalue  17, =     0.910639
eigenvector:
    0.015761    0.249512    0.147747   -0.201627   -0.129920
    0.213609    0.231810    0.095551    0.209225    0.138095
    0.194345   -0.151918    0.158404   -0.194188    0.026993
    0.254132   -0.124245   -0.200854   -0.160909    0.203278
   -0.137599    0.183319    0.088748    0.283086    0.218494
    0.072784   -0.147335   -0.223814   -0.044149    0.094514
   -0.306640    0.067738
eigenvalue  18, =     0.910579
eigenvector:
   -0.008770    0.249847    0.199921   -0.150059   -0.215764
    0.126714    0.117804    0.221356    0.236704   -0.077744
   -0.041518   -0.250540    0.227912    0.106206    0.255865
    0.010263    0.234225   -0.096012    0.201557    0.113166
    0.227206    0.055678   -0.214309   -0.235822   -0.060913
   -0.182794    0.248566    0.096271    0.007702   -0.052336
    0.312319   -0.109256
eigenvalue  19, =     0.774677
eigenvector:
   -0.033216    0.247791    0.234806   -0.085625   -0.249819
    0.010990   -0.047845    0.246947    0.089549   -0.232356
   -0.231905   -0.083437   -0.030798    0.255821    0.013664
   -0.251573    0.067387    0.220167    0.052001   -0.280874
   -0.064754   -0.239285    0.157151    0.091546   -0.148363
    0.207422   -0.296882    0.061565    0.019458    0.020467
   -0.308047    0.121930
eigenvalue  20, =     0.774734
eigenvector:
   -0.057349    0.243324    0.249671   -0.013789   -0.224860
   -0.108612   -0.193660    0.158549   -0.119890   -0.220228
   -0.179862    0.175625   -0.249721    0.036015   -0.246496
   -0.053822   -0.242795    0.058436   -0.240516    0.060929
   -0.164721    0.183499    0.029062    0.078378    0.259722
   -0.137801    0.268995   -0.210268   -0.033038    0.011276
    0.300217   -0.102821
eigenvalue  21, =     0.679232
eigenvector:
   -0.080935    0.236555    0.242900    0.059440   -0.147148
   -0.201848   -0.249806    0.000089   -0.245669   -0.043610
    0.065760    0.246299   -0.114432   -0.225497   -0.062230
    0.239886   -0.016764   -0.243960    0.098355    0.236162
    0.212913    0.060635   -0.190497   -0.196343   -0.182890
    0.011440   -0.166607    0.305379    0.037702   -0.050982
   -0.292890    0.064209
eigenvalue  22, =     0.679410
eigenvector:
   -0.103717    0.227452    0.215258    0.127324   -0.034854
   -0.247561   -0.193956   -0.160340   -0.188789    0.162448
    0.239491    0.054552    0.191072   -0.171464    0.235116
    0.096261    0.245564   -0.003645    0.180376   -0.190955
   -0.032712   -0.249572    0.218448    0.209442   -0.039201
    0.115997    0.016158   -0.321931   -0.043344    0.098341
    0.285136   -0.019228
eigenvalue  23, =     0.611595
eigenvector:
   -0.125522    0.216226    0.168969    0.184288    0.086245
   -0.234929   -0.048778   -0.244701    0.004106    0.248287
    0.161881   -0.190498    0.220744    0.128565    0.106204
   -0.219395   -0.033076    0.249382   -0.210268   -0.132026
   -0.179467    0.190555   -0.101876   -0.109710    0.241847
   -0.189479    0.140306    0.266283    0.061109   -0.151105
   -0.270696   -0.024879
eigenvalue  24, =     0.562931
eigenvector:
   -0.146099    0.202863    0.108023    0.225387    0.186112
   -0.166616    0.116928   -0.219873    0.194603    0.153679
   -0.084880   -0.236552   -0.062524    0.242084   -0.212457
   -0.137952   -0.238325   -0.046343   -0.058632    0.276309
    0.195852    0.056518   -0.080833   -0.050729   -0.268356
    0.179101   -0.258587   -0.167364   -0.089303    0.204636
    0.238029    0.066932
eigenvalue  25, =     0.611771
eigenvector:
   -0.165276    0.187571    0.038178    0.246989    0.243097
   -0.058851    0.230417   -0.095571    0.242899   -0.052475
   -0.246282   -0.033104   -0.257113    0.012612   -0.150197
    0.194428    0.082348   -0.246369    0.254577   -0.038612
   -0.000917   -0.238591    0.197067    0.182346    0.098874
   -0.087731    0.308407    0.054506    0.111307   -0.246346
   -0.192251   -0.108543
eigenvalue  26, =     0.562691
eigenvector:
   -0.182877    0.170470   -0.035292    0.247432    0.242038
    0.062288    0.239804    0.073424    0.114972   -0.221265
   -0.148458    0.204925   -0.086246   -0.232123    0.184709
    0.173668    0.214995    0.095215   -0.100285   -0.239369
   -0.198048    0.171670   -0.159766   -0.215617    0.146983
   -0.061991   -0.282938    0.053047   -0.104612    0.264454
    0.148686    0.152512
eigenvalue  27, =     0.530960
eigenvector:
   -0.198697    0.151713   -0.105510    0.226488    0.183928
    0.169356    0.140210    0.207314   -0.096606   -0.227114
    0.107754    0.226002    0.206543   -0.144961    0.184009
   -0.164587   -0.120156    0.234104   -0.189998    0.164050
    0.194458    0.071783   -0.004327    0.138665   -0.292343
    0.220626    0.189826   -0.132250    0.059683   -0.258323
   -0.105249   -0.195568
eigenvalue  28, =     0.531614
eigenvector:
   -0.212617    0.131511   -0.166846    0.186268    0.082380
    0.236297   -0.024600    0.248252   -0.239238   -0.067612
    0.251600    0.009858    0.205687    0.142884   -0.142622
   -0.198896   -0.189143   -0.142855    0.211461    0.144113
    0.012866   -0.242556    0.175420    0.007162    0.226060
   -0.309528   -0.059304    0.167376    0.005891    0.230120
    0.058592    0.236580
eigenvalue  29, =     0.508100
eigenvector:
   -0.224492    0.110037   -0.213572    0.129896   -0.038309
    0.247215   -0.175615    0.176071   -0.208424    0.141167
    0.131151   -0.216393   -0.087487    0.229887   -0.217654
    0.122238    0.151072   -0.211440    0.073883   -0.240100
   -0.215287    0.157619   -0.228160   -0.152106   -0.001862
    0.274820   -0.070325   -0.161955   -0.066952   -0.184065
   -0.025744   -0.278698
eigenvalue  30, =     0.512508
eigenvector:
   -0.234183    0.087490   -0.242198    0.062115   -0.150641
    0.199722   -0.248707    0.024206   -0.022460    0.247335
   -0.131369   -0.213230   -0.252990   -0.010960    0.100687
    0.225688    0.167471    0.193433   -0.273432   -0.000376
    0.205830    0.099786    0.124865    0.230654   -0.205654
   -0.136770    0.178773    0.123226    0.107628    0.138342
    0.021788    0.315803
eigenvalue  31, =     0.504497
eigenvector:
   -0.241640    0.064123   -0.249757   -0.010795   -0.226878
    0.105486   -0.209367   -0.138692    0.178328    0.172405
   -0.252531    0.015133   -0.064016   -0.236005    0.236274
   -0.082079   -0.187574    0.167066    0.099360    0.226435
    0.011276   -0.252291    0.070264   -0.204230    0.248984
   -0.040719   -0.241848   -0.061099   -0.122599   -0.096887
   -0.022930   -0.340598
eigenvalue  32, =     0.504857
eigenvector:
   -0.246745    0.040143   -0.235977   -0.082831   -0.249346
   -0.014561   -0.073228   -0.238665    0.248697   -0.029169
   -0.108325    0.225240    0.218366   -0.124619   -0.049981
   -0.240870   -0.134564   -0.226224    0.210236   -0.126498
   -0.222143    0.133462   -0.228967    0.076798   -0.110185
    0.195009    0.243616   -0.009421    0.117947    0.036708
    0.012073    0.348463
Rotations: 50001
Total time:6.420716 sec
