
[8.000000][7.000000][6.000000][5.000000][4.000000][3.000000][2.000000][1.000000][0.000000][-1.000000][-2.000000][-3.000000][-4.000000][-5.000000][-6.000000][-7.000000]
[7.000000][8.000000][7.000000][6.000000][5.000000][4.000000][3.000000][2.000000][1.000000][0.000000][-1.000000][-2.000000][-3.000000][-4.000000][-5.000000][-6.000000]
[6.000000][7.000000][8.000000][7.000000][6.000000][5.000000][4.000000][3.000000][2.000000][1.000000][0.000000][-1.000000][-2.000000][-3.000000][-4.000000][-5.000000]
[5.000000][6.000000][7.000000][8.000000][7.000000][6.000000][5.000000][4.000000][3.000000][2.000000][1.000000][0.000000][-1.000000][-2.000000][-3.000000][-4.000000]
[4.000000][5.000000][6.000000][7.000000][8.000000][7.000000][6.000000][5.000000][4.000000][3.000000][2.000000][1.000000][0.000000][-1.000000][-2.000000][-3.000000]
[3.000000][4.000000][5.000000][6.000000][7.000000][8.000000][7.000000][6.000000][5.000000][4.000000][3.000000][2.000000][1.000000][0.000000][-1.000000][-2.000000]
[2.000000][3.000000][4.000000][5.000000][6.000000][7.000000][8.000000][7.000000][6.000000][5.000000][4.000000][3.000000][2.000000][1.000000][0.000000][-1.000000]
[1.000000][2.000000][3.000000][4.000000][5.000000][6.000000][7.000000][8.000000][7.000000][6.000000][5.000000][4.000000][3.000000][2.000000][1.000000][0.000000]
[0.000000][1.000000][2.000000][3.000000][4.000000][5.000000][6.000000][7.000000][8.000000][7.000000][6.000000][5.000000][4.000000][3.000000][2.000000][1.000000]
[-1.000000][0.000000][1.000000][2.000000][3.000000][4.000000][5.000000][6.000000][7.000000][8.000000][7.000000][6.000000][5.000000][4.000000][3.000000][2.000000]
[-2.000000][-1.000000][0.000000][1.000000][2.000000][3.000000][4.000000][5.000000][6.000000][7.000000][8.000000][7.000000][6.000000][5.000000][4.000000][3.000000]
[-3.000000][-2.000000][-1.000000][0.000000][1.000000][2.000000][3.000000][4.000000][5.000000][6.000000][7.000000][8.000000][7.000000][6.000000][5.000000][4.000000]
[-4.000000][-3.000000][-2.000000][-1.000000][0.000000][1.000000][2.000000][3.000000][4.000000][5.000000][6.000000][7.000000][8.000000][7.000000][6.000000][5.000000]
[-5.000000][-4.000000][-3.000000][-2.000000][-1.000000][0.000000][1.000000][2.000000][3.000000][4.000000][5.000000][6.000000][7.000000][8.000000][7.000000][6.000000]
[-6.000000][-5.000000][-4.000000][-3.000000][-2.000000][-1.000000][0.000000][1.000000][2.000000][3.000000][4.000000][5.000000][6.000000][7.000000][8.000000][7.000000]
[-7.000000][-6.000000][-5.000000][-4.000000][-3.000000][-2.000000][-1.000000][0.000000][1.000000][2.000000][3.000000][4.000000][5.000000][6.000000][7.000000][8.000000]
****** Finding Eigenvalues ******

******  Eigenvalues ******

[52.043472][-0.000000][0.000001][0.000160][-0.000065][0.000014][-0.000348][-0.000453][0.000022][-0.000005][0.000017][0.000099][-0.000024][0.000008][0.000037][0.000014]
[-0.000000][52.043476][-0.000001][-0.000001][0.000277][-0.000224][-0.000016][0.000020][-0.000323][0.000191][0.000105][-0.000132][-0.000115][0.000015][0.000286][-0.000126]
[0.000001][-0.000004][5.933655][0.000002][0.000383][-0.000507][-0.000433][-0.000083][0.000246][0.000021][0.000085][-0.000154][0.000002][0.000214][0.000064][0.000046]
[0.000159][-0.000002][0.000001][5.933659][-0.000066][-0.000197][-0.000097][-0.000328][-0.000478][-0.000025][0.000027][-0.000125][0.000296][-0.000045][0.000146][0.000077]
[-0.000065][0.000276][0.000383][-0.000066][2.263259][0.000001][-0.000602][0.000002][-0.000001][0.000002][-0.000167][-0.000455][-0.000047][-0.000266][0.000000][0.000387]
[0.000014][-0.000225][-0.000507][-0.000197][0.000000][2.257493][-0.000000][0.000001][-0.000283][0.000493][0.000311][0.000258][0.000261][0.000411][0.000368][0.000305]
[-0.000348][-0.000016][-0.000433][-0.000097][-0.000602][-0.000000][1.281263][-0.000006][-0.000602][-0.000602][-0.000002][-0.000000][-0.000030][0.000054][-0.000602][0.000014]
[-0.000452][0.000020][-0.000082][-0.000329][0.000002][0.000001][-0.000006][1.264476][-0.000602][0.000602][-0.000002][-0.000002][-0.000071][-0.000033][-0.000600][0.000005]
[0.000022][-0.000324][0.000245][-0.000478][-0.000001][-0.000283][-0.000602][-0.000602][0.844645][-0.000004][-0.000602][0.000602][-0.000015][0.000008][0.000114][-0.000569]
[-0.000005][0.000192][0.000021][-0.000025][0.000002][0.000493][-0.000603][0.000602][-0.000003][0.843720][-0.000602][0.000602][-0.000005][0.000006][-0.000004][-0.000279]
[0.000018][0.000105][0.000085][0.000028][-0.000167][0.000311][-0.000002][-0.000002][-0.000602][-0.000602][0.643866][0.000004][-0.000602][0.000602][0.000028][-0.000009]
[0.000099][-0.000133][-0.000154][-0.000125][-0.000455][0.000258][-0.000000][-0.000002][0.000602][0.000602][0.000004][0.643865][0.000602][-0.000602][-0.000026][-0.000005]
[-0.000023][-0.000115][0.000003][0.000295][-0.000047][0.000261][-0.000030][-0.000071][-0.000015][-0.000005][-0.000602][0.000602][0.546073][-0.000028][-0.000602][-0.000601]
[0.000008][0.000015][0.000214][-0.000044][-0.000266][0.000411][0.000055][-0.000033][0.000008][0.000006][0.000602][-0.000602][-0.000028][0.546072][-0.000602][-0.000602]
[0.000038][0.000287][0.000065][0.000145][0.000001][0.000368][-0.000602][-0.000600][0.000113][-0.000004][0.000028][-0.000026][-0.000602][-0.000602][0.516547][-0.000034]
[0.000014][-0.000127][0.000045][0.000078][0.000387][0.000305][0.000014][0.000005][-0.000569][-0.000279][-0.000009][-0.000005][-0.000601][-0.000602][-0.000034][0.504922]
eigenvalue   1, =    52.043472
eigenvector:
    0.353522   -0.004658    0.266874    0.231910    0.254666
    0.247211   -0.304221    0.189840    0.350569   -0.057839
   -0.313332   -0.162385    0.180643   -0.302591    0.091859
    0.343858
eigenvalue   2, =    52.043476
eigenvector:
    0.347634    0.064398    0.093121    0.341089   -0.065604
    0.347435   -0.245679   -0.260294   -0.011926    0.353683
    0.039039    0.354411    0.023979    0.345023   -0.026802
   -0.358723
eigenvalue   3, =     5.933655
eigenvector:
    0.328394    0.130981   -0.112007    0.335269   -0.327917
    0.139308    0.207836   -0.291146   -0.343890   -0.078843
    0.270500   -0.231623   -0.217527   -0.270307   -0.040366
    0.357850
eigenvalue   4, =     5.933659
eigenvector:
    0.296536    0.192534   -0.279458    0.216531   -0.298775
   -0.192921    0.327565    0.147095    0.144041   -0.324963
   -0.338781   -0.097521    0.335031    0.105209    0.109106
   -0.340182
eigenvalue   5, =     2.263259
eigenvector:
    0.253276    0.246683   -0.352745    0.024825   -0.004269
   -0.353809   -0.079995    0.347668    0.288624    0.206311
    0.105566    0.340475   -0.338110    0.095277   -0.177253
    0.307280
eigenvalue   6, =     2.257493
eigenvector:
    0.200282    0.291346   -0.307086   -0.175410    0.294079
   -0.200206   -0.358841   -0.011080   -0.257265    0.244864
    0.221670   -0.281282    0.227521   -0.264999    0.239390
   -0.262754
eigenvalue   7, =     1.281263
eigenvector:
    0.139592    0.324830   -0.157872   -0.316381    0.330432
    0.131630   -0.060682   -0.352020   -0.188084   -0.302348
   -0.353636   -0.026523   -0.042295    0.346492   -0.291658
    0.208709
eigenvalue   8, =     1.264476
eigenvector:
    0.073542    0.345822    0.044584   -0.350686    0.074132
    0.346404    0.336199   -0.126138    0.331144   -0.126686
    0.173575    0.308275   -0.155260   -0.311604    0.331570
   -0.146806
eigenvalue   9, =     0.844645
eigenvector:
    0.004667    0.353526    0.231938   -0.266872   -0.247618
    0.253109    0.190890    0.301776    0.059461    0.351940
    0.160004   -0.314998    0.299757    0.170296   -0.355989
    0.080828
eigenvalue  10, =     0.843720
eigenvector:
   -0.064397    0.347637    0.341104   -0.093115   -0.348871
   -0.065059   -0.261422    0.244623   -0.356324   -0.011497
   -0.352606    0.043378   -0.343173    0.031990    0.363222
   -0.014489
eigenvalue  11, =     0.643866
eigenvector:
   -0.130985    0.328400    0.335271    0.112049   -0.139342
   -0.325072   -0.293024   -0.206607    0.080746   -0.346044
    0.234002    0.264827    0.270191   -0.226745   -0.354817
   -0.050284
eigenvalue  12, =     0.643865
eigenvector:
   -0.192533    0.296530    0.216434    0.279477    0.193949
   -0.296490    0.147999   -0.324975    0.325478    0.146571
    0.091344   -0.336527   -0.103736    0.347079    0.333217
    0.112814
eigenvalue  13, =     0.546073
eigenvector:
   -0.246680    0.253272    0.024798    0.352703    0.355067
   -0.004124    0.349733    0.079012   -0.208536    0.287104
   -0.335106    0.108282   -0.101730   -0.351619   -0.299700
   -0.173057
eigenvalue  14, =     0.546072
eigenvector:
   -0.291352    0.200282   -0.175325    0.307005    0.201193
    0.291565   -0.011270    0.356877   -0.243371   -0.257677
    0.279873    0.217030    0.277026    0.238592    0.256263
    0.229011
eigenvalue  15, =     0.516547
eigenvector:
   -0.324831    0.139597   -0.316350    0.157905   -0.133647
    0.328850   -0.353839    0.059673    0.302319   -0.186437
    0.025187   -0.350468   -0.361650   -0.047493   -0.206471
   -0.277067
eigenvalue  16, =     0.504922
eigenvector:
   -0.345825    0.073544   -0.350708   -0.044554   -0.346881
    0.072975   -0.126908   -0.333434    0.125416    0.330610
   -0.306909    0.171837    0.325773   -0.155662    0.152054
    0.315705
Rotations: 1000001
Total time:12.655558 sec

[8.000000][7.000000][6.000000][5.000000][4.000000][3.000000][2.000000][1.000000][0.000000][-1.000000][-2.000000][-3.000000][-4.000000][-5.000000][-6.000000][-7.000000]
[7.000000][8.000000][7.000000][6.000000][5.000000][4.000000][3.000000][2.000000][1.000000][0.000000][-1.000000][-2.000000][-3.000000][-4.000000][-5.000000][-6.000000]
[6.000000][7.000000][8.000000][7.000000][6.000000][5.000000][4.000000][3.000000][2.000000][1.000000][0.000000][-1.000000][-2.000000][-3.000000][-4.000000][-5.000000]
[5.000000][6.000000][7.000000][8.000000][7.000000][6.000000][5.000000][4.000000][3.000000][2.000000][1.000000][0.000000][-1.000000][-2.000000][-3.000000][-4.000000]
[4.000000][5.000000][6.000000][7.000000][8.000000][7.000000][6.000000][5.000000][4.000000][3.000000][2.000000][1.000000][0.000000][-1.000000][-2.000000][-3.000000]
[3.000000][4.000000][5.000000][6.000000][7.000000][8.000000][7.000000][6.000000][5.000000][4.000000][3.000000][2.000000][1.000000][0.000000][-1.000000][-2.000000]
[2.000000][3.000000][4.000000][5.000000][6.000000][7.000000][8.000000][7.000000][6.000000][5.000000][4.000000][3.000000][2.000000][1.000000][0.000000][-1.000000]
[1.000000][2.000000][3.000000][4.000000][5.000000][6.000000][7.000000][8.000000][7.000000][6.000000][5.000000][4.000000][3.000000][2.000000][1.000000][0.000000]
[0.000000][1.000000][2.000000][3.000000][4.000000][5.000000][6.000000][7.000000][8.000000][7.000000][6.000000][5.000000][4.000000][3.000000][2.000000][1.000000]
[-1.000000][0.000000][1.000000][2.000000][3.000000][4.000000][5.000000][6.000000][7.000000][8.000000][7.000000][6.000000][5.000000][4.000000][3.000000][2.000000]
[-2.000000][-1.000000][0.000000][1.000000][2.000000][3.000000][4.000000][5.000000][6.000000][7.000000][8.000000][7.000000][6.000000][5.000000][4.000000][3.000000]
[-3.000000][-2.000000][-1.000000][0.000000][1.000000][2.000000][3.000000][4.000000][5.000000][6.000000][7.000000][8.000000][7.000000][6.000000][5.000000][4.000000]
[-4.000000][-3.000000][-2.000000][-1.000000][0.000000][1.000000][2.000000][3.000000][4.000000][5.000000][6.000000][7.000000][8.000000][7.000000][6.000000][5.000000]
[-5.000000][-4.000000][-3.000000][-2.000000][-1.000000][0.000000][1.000000][2.000000][3.000000][4.000000][5.000000][6.000000][7.000000][8.000000][7.000000][6.000000]
[-6.000000][-5.000000][-4.000000][-3.000000][-2.000000][-1.000000][0.000000][1.000000][2.000000][3.000000][4.000000][5.000000][6.000000][7.000000][8.000000][7.000000]
[-7.000000][-6.000000][-5.000000][-4.000000][-3.000000][-2.000000][-1.000000][0.000000][1.000000][2.000000][3.000000][4.000000][5.000000][6.000000][7.000000][8.000000]
****** Finding Eigenvalues ******

******  Eigenvalues ******

[52.043449][-0.000001][-0.000021][-0.000018][-0.000285][0.000010][-0.000034][0.000011][0.000006][0.000299][0.000180][-0.000350][-0.000006][0.000017][-0.000017][0.000084]
[-0.000001][52.043446][0.000015][-0.000004][0.000007][0.000044][0.000013][0.000026][0.000028][-0.000286][0.000210][-0.000007][-0.000034][-0.000068][0.000011][-0.000005]
[-0.000020][0.000016][5.933658][-0.000001][0.000073][-0.000632][0.000123][0.000271][-0.000128][-0.000288][0.000122][0.000112][0.000280][-0.000318][-0.000065][0.000287]
[-0.000019][-0.000001][-0.000000][5.933654][-0.000235][-0.000072][0.000397][0.000268][-0.000151][0.000184][0.000055][-0.000022][0.000103][0.000085][0.000098][-0.000066]
[-0.000286][0.000007][0.000074][-0.000234][2.288944][0.000000][0.000000][0.000415][0.000001][0.000002][0.000581][-0.000210][0.000362][-0.000238][0.000002][-0.000001]
[0.000010][0.000044][-0.000633][-0.000072][0.000000][2.250078][0.000158][-0.000003][-0.000206][-0.000606][-0.000214][0.000298][0.000230][0.000514][-0.000336][0.000486]
[-0.000034][0.000012][0.000123][0.000397][0.000000][0.000158][1.291667][0.000014][0.000660][-0.000660][-0.000007][0.000004][0.000053][-0.000055][-0.000660][-0.000660]
[0.000011][0.000025][0.000270][0.000267][0.000415][-0.000003][0.000014][1.259437][-0.000660][-0.000660][0.000002][-0.000007][-0.000120][0.000101][0.000656][-0.000571]
[0.000006][0.000026][-0.000128][-0.000151][0.000001][-0.000206][0.000661][-0.000661][0.842751][-0.000004][-0.000660][0.000660][0.000014][0.000006][0.000191][0.000047]
[0.000299][-0.000285][-0.000288][0.000185][0.000002][-0.000607][-0.000661][-0.000660][-0.000004][0.842860][-0.000660][0.000660][-0.000002][0.000015][-0.000189][-0.000050]
[0.000180][0.000209][0.000122][0.000055][0.000581][-0.000214][-0.000007][0.000002][-0.000660][-0.000660][0.643508][-0.000013][-0.000660][0.000658][-0.000029][0.000064]
[-0.000350][-0.000008][0.000112][-0.000022][-0.000210][0.000298][0.000003][-0.000007][0.000660][0.000660][-0.000014][0.643491][-0.000660][0.000660][0.000020][0.000029]
[-0.000006][-0.000036][0.000279][0.000102][0.000362][0.000230][0.000053][-0.000120][0.000014][-0.000002][-0.000660][-0.000661][0.546046][0.000025][0.000660][-0.000659]
[0.000017][-0.000067][-0.000319][0.000085][-0.000238][0.000514][-0.000054][0.000101][0.000006][0.000015][0.000658][0.000660][0.000025][0.546036][-0.000658][0.000660]
[-0.000016][0.000012][-0.000065][0.000098][0.000002][-0.000336][-0.000659][0.000656][0.000191][-0.000189][-0.000029][0.000020][0.000660][-0.000658][0.519400][-0.000064]
[0.000084][-0.000006][0.000287][-0.000066][-0.000001][0.000486][-0.000661][-0.000571][0.000047][-0.000050][0.000064][0.000029][-0.000659][0.000659][-0.000064][0.516275]
eigenvalue   1, =    52.043449
eigenvector:
    0.348443   -0.059880   -0.124830    0.330736   -0.351436
   -0.056125    0.344238    0.109340   -0.343472   -0.086217
   -0.179300   -0.309425   -0.345982   -0.010855    0.100407
    0.344664
eigenvalue   2, =    52.043446
eigenvector:
    0.353433    0.009252   -0.287593    0.205647   -0.148553
   -0.321260   -0.042073    0.353937   -0.019398    0.352318
   -0.155521    0.319629    0.284846    0.206466   -0.038239
   -0.355017
eigenvalue   3, =     5.933658
eigenvector:
    0.344836    0.078020   -0.353454    0.011333    0.186266
   -0.300865   -0.360653    0.028830    0.351646   -0.050129
    0.350830   -0.045433   -0.126783   -0.333888   -0.023593
    0.349993
eigenvalue   4, =     5.933654
eigenvector:
    0.322993    0.143797   -0.300040   -0.186897    0.356312
   -0.013233   -0.098556   -0.343732   -0.119092   -0.333176
   -0.235426   -0.269372   -0.077741    0.352217    0.086969
   -0.332793
eigenvalue   5, =     2.288944
eigenvector:
    0.288733    0.204048   -0.145654   -0.322164    0.208844
    0.286314    0.322512   -0.161449   -0.304908    0.180667
   -0.086403    0.345119    0.261124   -0.256781   -0.150323
    0.305165
eigenvalue   6, =     2.250078
eigenvector:
    0.243371    0.256453    0.057970   -0.348827   -0.123559
    0.331775    0.223546    0.279891    0.239596    0.263457
    0.329986   -0.116255   -0.360527    0.078986    0.209937
   -0.269975
eigenvalue   7, =     1.291667
eigenvector:
    0.188665    0.299006    0.241884   -0.257847   -0.346365
    0.081561   -0.234809    0.271180    0.210326   -0.285503
   -0.280166   -0.212955    0.341166    0.123277   -0.265109
    0.226249
eigenvalue   8, =     1.259437
eigenvector:
    0.126711    0.330068    0.344349   -0.079990   -0.262452
   -0.240484   -0.314503   -0.175208   -0.322246   -0.151846
   -0.019439    0.352048   -0.208914   -0.282213    0.313529
   -0.174996
eigenvalue   9, =     0.842751
eigenvector:
    0.059877    0.348447    0.330770    0.124800    0.056544
   -0.349166    0.111943   -0.337990   -0.083597    0.346072
    0.302376   -0.179618    0.008473    0.343816   -0.348781
    0.117257
eigenvalue  10, =     0.842860
eigenvector:
   -0.009246    0.353433    0.205659    0.287545    0.323766
   -0.147275    0.358900    0.042276    0.354057    0.016430
   -0.315640   -0.150777    0.190943   -0.286454    0.367322
   -0.052459
eigenvalue  11, =     0.643508
eigenvector:
   -0.078016    0.344835    0.011275    0.353397    0.301833
    0.185052    0.027639    0.354870   -0.053486   -0.352791
    0.045939    0.346188   -0.320819    0.127749   -0.367657
   -0.018494
eigenvalue  12, =     0.643491
eigenvector:
   -0.143801    0.322990   -0.186898    0.300086    0.012983
    0.353444   -0.346447    0.096219   -0.333257    0.121701
    0.267468   -0.233285    0.338473    0.077910    0.351605
    0.091299
eigenvalue  13, =     0.546046
eigenvector:
   -0.204049    0.288733   -0.322061    0.145678   -0.288588
    0.207530   -0.164528   -0.316490    0.182077    0.303932
   -0.343708   -0.088257   -0.239907   -0.258520   -0.319607
   -0.161622
eigenvalue  14, =     0.546036
eigenvector:
   -0.256453    0.243374   -0.348801   -0.057904   -0.332056
   -0.123255    0.283307   -0.220799    0.262699   -0.238885
    0.112907    0.332533    0.060477    0.351840    0.274358
    0.226366
eigenvalue  15, =     0.519400
eigenvector:
   -0.299008    0.188665   -0.257958   -0.241945   -0.082479
   -0.343875    0.273457    0.230447   -0.283091   -0.210382
    0.219052   -0.279977    0.138394   -0.325431   -0.220712
   -0.280849
eigenvalue  16, =     0.516275
eigenvector:
   -0.330069    0.126712   -0.080030   -0.344385    0.242505
   -0.259092   -0.175344    0.311269   -0.153510    0.319641
   -0.356913   -0.024584   -0.290830    0.188703    0.162164
    0.320338
Rotations: 1000001
Total time:45.232767 sec
