
[-2.000000][-1.000000][0.000000][1.000000][2.000000]
[-1.000000][-1.000000][0.000000][1.000000][2.000000]
[0.000000][0.000000][0.000000][1.000000][2.000000]
[1.000000][1.000000][1.000000][1.000000][2.000000]
[2.000000][2.000000][2.000000][2.000000][2.000000]
****** Finding Eigenvalues ******

******  Eigenvalues ******

[5.630339][0.000052][0.000090][0.000008][0.000067]
[0.000051][-0.278932][0.000154][0.000000][0.000132]
[0.000090][0.000154][-0.419648][0.000154][0.000023]
[0.000008][0.000000][0.000154][-0.833011][0.000127]
[0.000067][0.000132][0.000023][0.000127][-4.177852]
eigenvalue   1, =     5.630339
eigenvector:
    0.220216   -0.201617   -0.397916   -0.553857   -0.687909

eigenvalue   2, =    -0.278932
eigenvector:
    0.259303    0.525451    0.620939    0.152416   -0.523202

eigenvalue   3, =    -0.419648
eigenvector:
    0.344485   -0.640771    0.047935    0.664132   -0.233338

eigenvalue   4, =    -0.833011
eigenvector:
    0.490832    0.501643   -0.643345    0.329187    0.112425

eigenvalue   5, =    -4.177852
eigenvector:
    0.724349   -0.161797    0.313013   -0.425082    0.431224

Rotations: 1000001
Total time:0.344922 sec

[-2.000000][-1.000000][0.000000][1.000000][2.000000]
[-1.000000][-1.000000][0.000000][1.000000][2.000000]
[0.000000][0.000000][0.000000][1.000000][2.000000]
[1.000000][1.000000][1.000000][1.000000][2.000000]
[2.000000][2.000000][2.000000][2.000000][2.000000]
****** Finding Eigenvalues ******

******  Eigenvalues ******

[5.630339][0.000052][0.000090][0.000008][0.000067]
[0.000052][-0.278796][0.000156][0.000000][0.000132]
[0.000090][0.000157][-0.418118][0.000156][0.000023]
[0.000008][0.000000][0.000156][-0.835552][0.000129]
[0.000067][0.000132][0.000023][0.000129][-4.177851]
eigenvalue   1, =     5.630339
eigenvector:
    0.220216   -0.201583   -0.397590   -0.563108   -0.687910

eigenvalue   2, =    -0.278796
eigenvector:
    0.259303    0.525337    0.620092    0.151745   -0.523202

eigenvalue   3, =    -0.418118
eigenvector:
    0.344485   -0.640788    0.047854    0.659731   -0.233338

eigenvalue   4, =    -0.835552
eigenvector:
    0.490832    0.501581   -0.643080    0.328694    0.112425

eigenvalue   5, =    -4.177851
eigenvector:
    0.724349   -0.161788    0.312960   -0.426321    0.431224

Rotations: 1000001
Total time:1.519729 sec
