
[16.000000][15.000000][14.000000][13.000000][12.000000][11.000000][10.000000][9.000000][8.000000][7.000000][6.000000][5.000000][4.000000][3.000000][2.000000][1.000000][0.000000][-1.000000][-2.000000][-3.000000][-4.000000][-5.000000][-6.000000][-7.000000][-8.000000][-9.000000][-10.000000][-11.000000][-12.000000][-13.000000][-14.000000][-15.000000]
[15.000000][16.000000][15.000000][14.000000][13.000000][12.000000][11.000000][10.000000][9.000000][8.000000][7.000000][6.000000][5.000000][4.000000][3.000000][2.000000][1.000000][0.000000][-1.000000][-2.000000][-3.000000][-4.000000][-5.000000][-6.000000][-7.000000][-8.000000][-9.000000][-10.000000][-11.000000][-12.000000][-13.000000][-14.000000]
[14.000000][15.000000][16.000000][15.000000][14.000000][13.000000][12.000000][11.000000][10.000000][9.000000][8.000000][7.000000][6.000000][5.000000][4.000000][3.000000][2.000000][1.000000][0.000000][-1.000000][-2.000000][-3.000000][-4.000000][-5.000000][-6.000000][-7.000000][-8.000000][-9.000000][-10.000000][-11.000000][-12.000000][-13.000000]
[13.000000][14.000000][15.000000][16.000000][15.000000][14.000000][13.000000][12.000000][11.000000][10.000000][9.000000][8.000000][7.000000][6.000000][5.000000][4.000000][3.000000][2.000000][1.000000][0.000000][-1.000000][-2.000000][-3.000000][-4.000000][-5.000000][-6.000000][-7.000000][-8.000000][-9.000000][-10.000000][-11.000000][-12.000000]
[12.000000][13.000000][14.000000][15.000000][16.000000][15.000000][14.000000][13.000000][12.000000][11.000000][10.000000][9.000000][8.000000][7.000000][6.000000][5.000000][4.000000][3.000000][2.000000][1.000000][0.000000][-1.000000][-2.000000][-3.000000][-4.000000][-5.000000][-6.000000][-7.000000][-8.000000][-9.000000][-10.000000][-11.000000]
[11.000000][12.000000][13.000000][14.000000][15.000000][16.000000][15.000000][14.000000][13.000000][12.000000][11.000000][10.000000][9.000000][8.000000][7.000000][6.000000][5.000000][4.000000][3.000000][2.000000][1.000000][0.000000][-1.000000][-2.000000][-3.000000][-4.000000][-5.000000][-6.000000][-7.000000][-8.000000][-9.000000][-10.000000]
[10.000000][11.000000][12.000000][13.000000][14.000000][15.000000][16.000000][15.000000][14.000000][13.000000][12.000000][11.000000][10.000000][9.000000][8.000000][7.000000][6.000000][5.000000][4.000000][3.000000][2.000000][1.000000][0.000000][-1.000000][-2.000000][-3.000000][-4.000000][-5.000000][-6.000000][-7.000000][-8.000000][-9.000000]
[9.000000][10.000000][11.000000][12.000000][13.000000][14.000000][15.000000][16.000000][15.000000][14.000000][13.000000][12.000000][11.000000][10.000000][9.000000][8.000000][7.000000][6.000000][5.000000][4.000000][3.000000][2.000000][1.000000][0.000000][-1.000000][-2.000000][-3.000000][-4.000000][-5.000000][-6.000000][-7.000000][-8.000000]
[8.000000][9.000000][10.000000][11.000000][12.000000][13.000000][14.000000][15.000000][16.000000][15.000000][14.000000][13.000000][12.000000][11.000000][10.000000][9.000000][8.000000][7.000000][6.000000][5.000000][4.000000][3.000000][2.000000][1.000000][0.000000][-1.000000][-2.000000][-3.000000][-4.000000][-5.000000][-6.000000][-7.000000]
[7.000000][8.000000][9.000000][10.000000][11.000000][12.000000][13.000000][14.000000][15.000000][16.000000][15.000000][14.000000][13.000000][12.000000][11.000000][10.000000][9.000000][8.000000][7.000000][6.000000][5.000000][4.000000][3.000000][2.000000][1.000000][0.000000][-1.000000][-2.000000][-3.000000][-4.000000][-5.000000][-6.000000]
[6.000000][7.000000][8.000000][9.000000][10.000000][11.000000][12.000000][13.000000][14.000000][15.000000][16.000000][15.000000][14.000000][13.000000][12.000000][11.000000][10.000000][9.000000][8.000000][7.000000][6.000000][5.000000][4.000000][3.000000][2.000000][1.000000][0.000000][-1.000000][-2.000000][-3.000000][-4.000000][-5.000000]
[5.000000][6.000000][7.000000][8.000000][9.000000][10.000000][11.000000][12.000000][13.000000][14.000000][15.000000][16.000000][15.000000][14.000000][13.000000][12.000000][11.000000][10.000000][9.000000][8.000000][7.000000][6.000000][5.000000][4.000000][3.000000][2.000000][1.000000][0.000000][-1.000000][-2.000000][-3.000000][-4.000000]
[4.000000][5.000000][6.000000][7.000000][8.000000][9.000000][10.000000][11.000000][12.000000][13.000000][14.000000][15.000000][16.000000][15.000000][14.000000][13.000000][12.000000][11.000000][10.000000][9.000000][8.000000][7.000000][6.000000][5.000000][4.000000][3.000000][2.000000][1.000000][0.000000][-1.000000][-2.000000][-3.000000]
[3.000000][4.000000][5.000000][6.000000][7.000000][8.000000][9.000000][10.000000][11.000000][12.000000][13.000000][14.000000][15.000000][16.000000][15.000000][14.000000][13.000000][12.000000][11.000000][10.000000][9.000000][8.000000][7.000000][6.000000][5.000000][4.000000][3.000000][2.000000][1.000000][0.000000][-1.000000][-2.000000]
[2.000000][3.000000][4.000000][5.000000][6.000000][7.000000][8.000000][9.000000][10.000000][11.000000][12.000000][13.000000][14.000000][15.000000][16.000000][15.000000][14.000000][13.000000][12.000000][11.000000][10.000000][9.000000][8.000000][7.000000][6.000000][5.000000][4.000000][3.000000][2.000000][1.000000][0.000000][-1.000000]
[1.000000][2.000000][3.000000][4.000000][5.000000][6.000000][7.000000][8.000000][9.000000][10.000000][11.000000][12.000000][13.000000][14.000000][15.000000][16.000000][15.000000][14.000000][13.000000][12.000000][11.000000][10.000000][9.000000][8.000000][7.000000][6.000000][5.000000][4.000000][3.000000][2.000000][1.000000][0.000000]
[0.000000][1.000000][2.000000][3.000000][4.000000][5.000000][6.000000][7.000000][8.000000][9.000000][10.000000][11.000000][12.000000][13.000000][14.000000][15.000000][16.000000][15.000000][14.000000][13.000000][12.000000][11.000000][10.000000][9.000000][8.000000][7.000000][6.000000][5.000000][4.000000][3.000000][2.000000][1.000000]
[-1.000000][0.000000][1.000000][2.000000][3.000000][4.000000][5.000000][6.000000][7.000000][8.000000][9.000000][10.000000][11.000000][12.000000][13.000000][14.000000][15.000000][16.000000][15.000000][14.000000][13.000000][12.000000][11.000000][10.000000][9.000000][8.000000][7.000000][6.000000][5.000000][4.000000][3.000000][2.000000]
[-2.000000][-1.000000][0.000000][1.000000][2.000000][3.000000][4.000000][5.000000][6.000000][7.000000][8.000000][9.000000][10.000000][11.000000][12.000000][13.000000][14.000000][15.000000][16.000000][15.000000][14.000000][13.000000][12.000000][11.000000][10.000000][9.000000][8.000000][7.000000][6.000000][5.000000][4.000000][3.000000]
[-3.000000][-2.000000][-1.000000][0.000000][1.000000][2.000000][3.000000][4.000000][5.000000][6.000000][7.000000][8.000000][9.000000][10.000000][11.000000][12.000000][13.000000][14.000000][15.000000][16.000000][15.000000][14.000000][13.000000][12.000000][11.000000][10.000000][9.000000][8.000000][7.000000][6.000000][5.000000][4.000000]
[-4.000000][-3.000000][-2.000000][-1.000000][0.000000][1.000000][2.000000][3.000000][4.000000][5.000000][6.000000][7.000000][8.000000][9.000000][10.000000][11.000000][12.000000][13.000000][14.000000][15.000000][16.000000][15.000000][14.000000][13.000000][12.000000][11.000000][10.000000][9.000000][8.000000][7.000000][6.000000][5.000000]
[-5.000000][-4.000000][-3.000000][-2.000000][-1.000000][0.000000][1.000000][2.000000][3.000000][4.000000][5.000000][6.000000][7.000000][8.000000][9.000000][10.000000][11.000000][12.000000][13.000000][14.000000][15.000000][16.000000][15.000000][14.000000][13.000000][12.000000][11.000000][10.000000][9.000000][8.000000][7.000000][6.000000]
[-6.000000][-5.000000][-4.000000][-3.000000][-2.000000][-1.000000][0.000000][1.000000][2.000000][3.000000][4.000000][5.000000][6.000000][7.000000][8.000000][9.000000][10.000000][11.000000][12.000000][13.000000][14.000000][15.000000][16.000000][15.000000][14.000000][13.000000][12.000000][11.000000][10.000000][9.000000][8.000000][7.000000]
[-7.000000][-6.000000][-5.000000][-4.000000][-3.000000][-2.000000][-1.000000][0.000000][1.000000][2.000000][3.000000][4.000000][5.000000][6.000000][7.000000][8.000000][9.000000][10.000000][11.000000][12.000000][13.000000][14.000000][15.000000][16.000000][15.000000][14.000000][13.000000][12.000000][11.000000][10.000000][9.000000][8.000000]
[-8.000000][-7.000000][-6.000000][-5.000000][-4.000000][-3.000000][-2.000000][-1.000000][0.000000][1.000000][2.000000][3.000000][4.000000][5.000000][6.000000][7.000000][8.000000][9.000000][10.000000][11.000000][12.000000][13.000000][14.000000][15.000000][16.000000][15.000000][14.000000][13.000000][12.000000][11.000000][10.000000][9.000000]
[-9.000000][-8.000000][-7.000000][-6.000000][-5.000000][-4.000000][-3.000000][-2.000000][-1.000000][0.000000][1.000000][2.000000][3.000000][4.000000][5.000000][6.000000][7.000000][8.000000][9.000000][10.000000][11.000000][12.000000][13.000000][14.000000][15.000000][16.000000][15.000000][14.000000][13.000000][12.000000][11.000000][10.000000]
[-10.000000][-9.000000][-8.000000][-7.000000][-6.000000][-5.000000][-4.000000][-3.000000][-2.000000][-1.000000][0.000000][1.000000][2.000000][3.000000][4.000000][5.000000][6.000000][7.000000][8.000000][9.000000][10.000000][11.000000][12.000000][13.000000][14.000000][15.000000][16.000000][15.000000][14.000000][13.000000][12.000000][11.000000]
[-11.000000][-10.000000][-9.000000][-8.000000][-7.000000][-6.000000][-5.000000][-4.000000][-3.000000][-2.000000][-1.000000][0.000000][1.000000][2.000000][3.000000][4.000000][5.000000][6.000000][7.000000][8.000000][9.000000][10.000000][11.000000][12.000000][13.000000][14.000000][15.000000][16.000000][15.000000][14.000000][13.000000][12.000000]
[-12.000000][-11.000000][-10.000000][-9.000000][-8.000000][-7.000000][-6.000000][-5.000000][-4.000000][-3.000000][-2.000000][-1.000000][0.000000][1.000000][2.000000][3.000000][4.000000][5.000000][6.000000][7.000000][8.000000][9.000000][10.000000][11.000000][12.000000][13.000000][14.000000][15.000000][16.000000][15.000000][14.000000][13.000000]
[-13.000000][-12.000000][-11.000000][-10.000000][-9.000000][-8.000000][-7.000000][-6.000000][-5.000000][-4.000000][-3.000000][-2.000000][-1.000000][0.000000][1.000000][2.000000][3.000000][4.000000][5.000000][6.000000][7.000000][8.000000][9.000000][10.000000][11.000000][12.000000][13.000000][14.000000][15.000000][16.000000][15.000000][14.000000]
[-14.000000][-13.000000][-12.000000][-11.000000][-10.000000][-9.000000][-8.000000][-7.000000][-6.000000][-5.000000][-4.000000][-3.000000][-2.000000][-1.000000][0.000000][1.000000][2.000000][3.000000][4.000000][5.000000][6.000000][7.000000][8.000000][9.000000][10.000000][11.000000][12.000000][13.000000][14.000000][15.000000][16.000000][15.000000]
[-15.000000][-14.000000][-13.000000][-12.000000][-11.000000][-10.000000][-9.000000][-8.000000][-7.000000][-6.000000][-5.000000][-4.000000][-3.000000][-2.000000][-1.000000][0.000000][1.000000][2.000000][3.000000][4.000000][5.000000][6.000000][7.000000][8.000000][9.000000][10.000000][11.000000][12.000000][13.000000][14.000000][15.000000][16.000000]
****** Finding Eigenvalues ******

******  Eigenvalues ******

[207.672928][0.000002][-0.000006][0.000988][0.000064][0.000023][0.000001][0.000028][0.000006][0.000303][0.001021][0.000077][-0.000186][0.000062][0.000045][-0.000003][-0.000458][-0.000019][-0.000193][-0.000679][-0.000168][0.000001][-0.000196][0.000137][0.000298][-0.001056][-0.000862][0.000138][-0.000770][-0.000042][0.000410][0.000056]
[0.000001][207.672913][0.000003][0.000006][-0.000244][0.000005][0.000003][0.000041][0.000007][-0.000207][0.000007][-0.000566][-0.000071][-0.000647][-0.000101][0.000052][-0.000023][0.000136][0.000039][0.000848][-0.000075][0.000053][0.000818][-0.000131][0.000309][0.000859][0.000892][0.000662][-0.000027][-0.000084][-0.000031][-0.000774]
[-0.000004][0.000005][23.223640][-0.000004][0.000515][-0.000234][0.000148][0.000612][-0.000056][-0.000024][-0.000446][-0.000012][-0.000622][-0.000039][0.000248][-0.000041][0.000055][-0.000112][-0.000047][-0.000282][-0.000031][-0.000020][0.000109][-0.000021][-0.000229][0.000514][-0.000470][-0.000240][-0.000260][-0.000117][-0.000120][0.000897]
[0.000989][0.000009][-0.000003][23.223623][-0.000048][0.000594][-0.000382][0.000205][-0.000047][0.000048][-0.000031][-0.000060][-0.000549][0.000027][-0.000042][-0.000033][0.000067][-0.000193][0.000052][0.000015][-0.000271][-0.000639][-0.000035][0.000554][0.000029][0.000495][-0.000224][-0.000266][-0.000020][-0.001151][-0.000060][-0.000196]
[0.000064][-0.000250][0.000514][-0.000046][8.468954][-0.000002][-0.000016][-0.000039][-0.000508][-0.000105][-0.000781][0.000065][-0.000076][0.000473][0.000319][-0.000485][0.000959][-0.000113][0.000968][-0.000068][-0.000151][0.000225][-0.000310][0.000467][0.000070][-0.000280][0.000178][0.000718][0.000718][0.000193][-0.000055][0.000400]
[0.000025][0.000006][-0.000233][0.000595][-0.000002][8.468962][-0.000023][0.000023][-0.001129][0.000560][0.000259][0.000425][0.000065][0.000017][-0.000237][-0.000265][0.000070][-0.000526][0.000332][0.000232][-0.000347][-0.000136][0.000295][-0.000856][0.000347][0.000533][-0.000331][0.000472][0.000322][-0.000078][0.000257][0.000347]
[0.000001][0.000007][0.000150][-0.000384][-0.000016][-0.000023][4.405503][-0.000000][-0.000334][-0.000880][0.000207][-0.000431][0.000231][0.000864][-0.000432][0.000086][0.000153][-0.000620][-0.000244][0.001097][-0.000137][0.000593][0.000309][0.000203][0.000756][0.000365][0.000926][0.000142][-0.000341][-0.000684][0.000763][0.000884]
[0.000030][0.000042][0.000614][0.000207][-0.000039][0.000025][-0.000000][4.405498][0.001048][-0.001078][-0.000435][-0.000337][0.000732][0.000378][0.000849][-0.000585][0.000667][-0.000502][-0.000274][-0.000140][-0.001058][-0.000235][-0.000570][0.000590][0.000930][-0.000205][-0.000702][0.000100][-0.000269][-0.000911][-0.000392][-0.000124]
[0.000005][0.000001][-0.000059][-0.000045][-0.000509][-0.001131][-0.000334][0.001047][2.757466][-0.000008][0.001152][0.001152][-0.000005][0.000000][-0.000093][0.000310][-0.000015][0.000540][0.000410][0.000471][-0.000351][0.000728][0.000166][-0.000064][0.000073][-0.000077][0.000082][0.000679][0.000009][-0.000722][0.000161][0.000418]
[0.000302][-0.000203][-0.000024][0.000047][-0.000105][0.000560][-0.000881][-0.001079][-0.000008][2.758827][0.001152][-0.001152][-0.000006][0.000006][0.000174][-0.000937][0.000008][0.000597][0.000738][0.000769][0.000078][-0.000187][0.000160][-0.000899][0.000679][-0.000499][-0.000308][0.000425][0.000448][-0.000993][-0.000095][0.000572]
[0.001023][0.000002][-0.000447][-0.000028][-0.000781][0.000258][0.000207][-0.000435][0.001152][0.001152][1.913355][-0.000024][-0.001152][0.001152][0.000014][0.000001][0.000911][0.000581][0.000086][0.000034][-0.000012][0.000681][-0.000068][0.001044][0.000166][0.000549][-0.000497][0.000023][0.000001][-0.000506][-0.000054][-0.000892]
[0.000076][-0.000564][-0.000012][-0.000061][0.000063][0.000425][-0.000430][-0.000338][0.001152][-0.001153][-0.000022][1.918814][0.001152][-0.001152][0.000000][0.000017][-0.000012][0.000306][-0.000032][0.000005][0.000008][0.000183][-0.000076][0.000702][-0.000030][0.000028][0.000239][0.000003][0.000004][-0.000217][-0.000009][0.000766]
[-0.000187][-0.000067][-0.000622][-0.000550][-0.000076][0.000064][0.000231][0.000731][-0.000005][-0.000007][-0.001152][0.001152][1.423503][-0.000013][-0.001152][-0.001152][-0.000020][0.000010][0.000119][0.001152][0.000003][-0.000016][-0.000000][0.000514][-0.000013][-0.000020][0.000029][-0.000032][-0.000140][0.000013][0.000029][0.000237]
[0.000063][-0.000644][-0.000037][0.000026][0.000473][0.000017][0.000864][0.000377][-0.000001][0.000006][0.001153][-0.001153][-0.000014][1.425973][-0.001151][-0.001151][-0.000011][-0.000015][-0.000002][0.000019][0.001150][-0.000241][0.000050][0.000891][-0.000078][-0.000075][0.000578][0.000487][-0.001152][-0.000063][0.000016][0.000101]
[0.000046][-0.000096][0.000248][-0.000043][0.000319][-0.000238][-0.000433][0.000849][-0.000094][0.000174][0.000014][-0.000000][-0.001152][-0.001151][1.115312][0.000010][-0.001152][-0.001152][-0.000021][-0.000031][-0.000168][0.000027][0.001140][-0.000032][-0.001141][-0.000094][-0.000136][-0.000210][0.000518][0.000246][0.001130][0.000069]
[-0.000004][0.000056][-0.000041][-0.000034][-0.000483][-0.000266][0.000085][-0.000585][0.000309][-0.000938][0.000000][0.000017][-0.001152][-0.001151][0.000010][1.113388][-0.001052][0.001152][-0.000012][-0.000033][0.000498][-0.000495][-0.000561][-0.000004][-0.001152][0.000041][0.000487][0.000051][0.000495][0.000000][-0.000147][-0.000034]
[-0.000459][-0.000034][0.000052][0.000069][0.000958][0.000070][0.000154][0.000667][-0.000015][0.000009][0.000911][-0.000012][-0.000020][-0.000011][-0.001152][-0.001051][0.913878][-0.000005][-0.001151][0.001152][0.000011][-0.000070][-0.000669][0.000947][0.000720][-0.001123][-0.000023][-0.000113][-0.000100][-0.000068][0.000319][-0.000033]
[-0.000020][0.000143][-0.000111][-0.000195][-0.000112][-0.000525][-0.000619][-0.000501][0.000540][0.000597][0.000582][0.000306][0.000009][-0.000015][-0.001152][0.001152][-0.000005][0.911920][-0.001152][0.001148][-0.000062][-0.000041][-0.000176][0.001147][0.000040][-0.001144][-0.000004][0.000086][-0.000109][-0.000226][0.000003][-0.000277]
[-0.000192][0.000050][-0.000047][0.000053][0.000969][0.000333][-0.000243][-0.000274][0.000410][0.000737][0.000087][-0.000032][0.000118][-0.000003][-0.000021][-0.000012][-0.001151][-0.001152][0.775231][0.000023][-0.001152][0.001152][0.000013][-0.000353][-0.000021][0.000157][0.000862][-0.001133][-0.000016][0.000034][-0.000015][-0.000043]
[-0.000677][0.000841][-0.000282][0.000017][-0.000068][0.000231][0.001096][-0.000139][0.000471][0.000769][0.000034][0.000005][0.001151][0.000019][-0.000030][-0.000033][0.001153][0.001148][0.000024][0.776506][0.001147][-0.001152][0.000039][0.000641][-0.000002][0.000023][-0.001113][0.001113][0.000036][-0.000070][0.000034][-0.000059]
[-0.000167][-0.000086][-0.000032][-0.000271][-0.000151][-0.000348][-0.000138][-0.001058][-0.000351][0.000078][-0.000012][0.000009][0.000003][0.001148][-0.000168][0.000498][0.000011][-0.000062][-0.001152][0.001147][0.681113][-0.000002][0.001147][-0.000097][-0.001152][-0.000097][-0.000889][-0.000234][-0.000681][0.000304][0.001083][-0.000099]
[0.000001][0.000069][-0.000020][-0.000639][0.000225][-0.000136][0.000593][-0.000234][0.000729][-0.000188][0.000681][0.000183][-0.000017][-0.000241][0.000026][-0.000495][-0.000070][-0.000040][0.001152][-0.001152][-0.000002][0.679636][0.001152][0.000013][0.001151][0.000043][0.000411][-0.000170][0.001121][-0.000310][-0.000986][-0.001143]
[-0.000195][0.000819][0.000108][-0.000034][-0.000310][0.000295][0.000310][-0.000568][0.000167][0.000160][-0.000068][-0.000075][-0.000001][0.000050][0.001140][-0.000561][-0.000669][-0.000176][0.000013][0.000040][0.001147][0.001152][0.614183][0.001148][-0.000006][-0.001150][-0.000039][-0.000185][0.000937][0.000571][0.000079][0.000046]
[0.000137][-0.000125][-0.000022][0.000555][0.000466][-0.000855][0.000203][0.000590][-0.000064][-0.000899][0.001044][0.000701][0.000514][0.000891][-0.000033][-0.000004][0.000947][0.001147][-0.000353][0.000641][-0.000097][0.000014][0.001148][0.564313][0.000725][-0.000020][0.001151][-0.001152][-0.000071][0.000054][0.000142][-0.000051]
[0.000298][0.000289][-0.000231][0.000030][0.000070][0.000348][0.000755][0.000930][0.000074][0.000678][0.000166][-0.000030][-0.000013][-0.000078][-0.001140][-0.001152][0.000720][0.000040][-0.000021][-0.000002][-0.001152][0.001151][-0.000006][0.000725][0.615158][0.001150][0.000071][-0.000154][-0.000188][0.000923][-0.001071][0.000252]
[-0.001055][0.000837][0.000512][0.000498][-0.000280][0.000533][0.000365][-0.000204][-0.000076][-0.000499][0.000549][0.000028][-0.000021][-0.000075][-0.000094][0.000041][-0.001123][-0.001143][0.000157][0.000023][-0.000097][0.000043][-0.001150][-0.000020][0.001150][0.564552][-0.001147][-0.001132][-0.000028][0.000057][0.000183][-0.000223]
[-0.000863][0.000876][-0.000472][-0.000223][0.000177][-0.000331][0.000926][-0.000702][0.000082][-0.000309][-0.000497][0.000240][0.000029][0.000577][-0.000136][0.000487][-0.000024][-0.000004][0.000862][-0.001114][-0.000889][0.000410][-0.000039][0.001151][0.000071][-0.001147][0.531403][0.000205][0.001146][0.001037][-0.000470][-0.001033]
[0.000138][0.000659][-0.000241][-0.000264][0.000716][0.000472][0.000142][0.000100][0.000679][0.000425][0.000023][0.000004][-0.000033][0.000486][-0.000209][0.000051][-0.000112][0.000085][-0.001133][0.001113][-0.000234][-0.000170][-0.000185][-0.001152][-0.000154][-0.001133][0.000205][0.532197][-0.001137][-0.001078][0.000438][0.001061]
[-0.000771][-0.000034][-0.000260][-0.000021][0.000718][0.000322][-0.000341][-0.000269][0.000009][0.000448][0.000001][0.000004][-0.000139][-0.001152][0.000519][0.000495][-0.000100][-0.000109][-0.000016][0.000037][-0.000681][0.001121][0.000937][-0.000071][-0.000188][-0.000027][0.001146][-0.001137][0.513196][0.000258][0.001105][-0.001028]
[-0.000041][-0.000090][-0.000118][-0.001150][0.000192][-0.000078][-0.000684][-0.000911][-0.000722][-0.000993][-0.000506][-0.000217][0.000013][-0.000064][0.000247][-0.000000][-0.000068][-0.000226][0.000033][-0.000069][0.000304][-0.000310][0.000571][0.000054][0.000923][0.000057][0.001037][-0.001078][0.000258][0.512059][-0.001096][-0.000618]
[0.000411][-0.000034][-0.000120][-0.000060][-0.000055][0.000256][0.000762][-0.000393][0.000161][-0.000095][-0.000054][-0.000010][0.000029][0.000016][0.001129][-0.000148][0.000319][0.000003][-0.000016][0.000035][0.001082][-0.000985][0.000079][0.000142][-0.001071][0.000184][-0.000470][0.000438][0.001104][-0.001096][0.502447][-0.000006]
[0.000055][-0.000777][0.000895][-0.000196][0.000400][0.000346][0.000885][-0.000124][0.000418][0.000572][-0.000892][0.000767][0.000236][0.000100][0.000069][-0.000033][-0.000033][-0.000277][-0.000043][-0.000059][-0.000099][-0.001143][0.000046][-0.000051][0.000251][-0.000223][-0.001033][0.001061][-0.001028][-0.000619][-0.000006][0.501437]
eigenvalue   1, =   207.672928
eigenvector:
    0.249505   -0.015759    0.201641    0.147727    0.213405
    0.130114   -0.095375    0.231289   -0.137639    0.209251
   -0.149091   -0.203107   -0.190597   -0.161823    0.250781
   -0.023797   -0.224844    0.111509    0.203310    0.144937
   -0.196409   -0.144704   -0.228711   -0.056214    0.099633
    0.257837    0.207202   -0.131324    0.248064   -0.073524
    0.121393    0.206451
eigenvalue   2, =   207.672913
eigenvector:
    0.249843    0.008775    0.150092    0.199929    0.126842
    0.215445   -0.219978    0.118116    0.074809    0.240558
   -0.247748    0.035554    0.100811   -0.232393    0.000148
   -0.249267   -0.085738   -0.233782    0.079291   -0.238787
   -0.044994    0.255262    0.063181    0.195241   -0.237146
   -0.168313   -0.124358    0.215792   -0.207552    0.131940
   -0.100156   -0.221923
eigenvalue   3, =    23.223640
eigenvector:
    0.247783    0.033223    0.085600    0.234880    0.010393
    0.249773   -0.245305   -0.048573    0.232336    0.095065
   -0.084073    0.236592    0.249487    0.027907   -0.249556
   -0.025560    0.241447   -0.065416   -0.248797   -0.005964
    0.239089   -0.095587    0.151619   -0.252042    0.204696
    0.001176    0.017980   -0.252990    0.150341   -0.181713
    0.075530    0.237732
eigenvalue   4, =    23.223623
eigenvector:
    0.243333    0.057346    0.013761    0.249615   -0.108622
    0.225245   -0.158845   -0.193249    0.219942   -0.119265
    0.167749    0.187892    0.044321    0.247997   -0.049435
    0.242829    0.039078    0.246599    0.065203    0.242668
   -0.179837   -0.164611   -0.257071    0.199416   -0.025297
    0.167141    0.085842    0.235921   -0.080643    0.218326
   -0.048116   -0.251517
eigenvalue   5, =     8.468954
eigenvector:
    0.236536    0.080926   -0.059330    0.242853   -0.201925
    0.147427   -0.000406   -0.250111    0.046802   -0.246968
    0.243296   -0.059566   -0.223365    0.116308    0.237491
    0.073966   -0.248466    0.019129    0.209101   -0.132683
   -0.069452    0.249392    0.172137   -0.056052   -0.170314
   -0.261071   -0.165427   -0.167002    0.002088   -0.237429
    0.017978    0.263594
eigenvalue   6, =     8.468962
eigenvector:
    0.227471    0.103714   -0.127254    0.215187   -0.247563
    0.034769    0.158283   -0.193401   -0.159986   -0.193320
    0.061377   -0.243745   -0.174890   -0.181396    0.097905
   -0.227893    0.008159   -0.251099   -0.184623   -0.168531
    0.246845   -0.070587    0.041733   -0.113530    0.238438
    0.238112    0.205892    0.062978    0.077711    0.234186
    0.014220   -0.273829
eigenvalue   7, =     4.405503
eigenvector:
    0.216208    0.125516   -0.184262    0.168958   -0.234796
   -0.086048    0.245024   -0.049146   -0.251104    0.001328
   -0.185653   -0.170913    0.120969   -0.220841   -0.218006
   -0.118439    0.246133    0.027716   -0.101878    0.229660
   -0.165754   -0.178593   -0.224313    0.231936   -0.132019
   -0.106303   -0.197556    0.049349   -0.148029   -0.205318
   -0.046989    0.278176
eigenvalue   8, =     4.405498
eigenvector:
    0.202867    0.146101   -0.225351    0.108243   -0.166489
   -0.186566    0.220742    0.118018   -0.157869    0.195354
   -0.236452    0.083486    0.246608    0.054243   -0.141925
    0.204578   -0.053305    0.248230    0.241094    0.038308
   -0.089411    0.232697    0.240474   -0.247977   -0.069228
   -0.073842    0.138997   -0.144329    0.198558    0.154136
    0.081197   -0.274398
eigenvalue   9, =     2.757466
eigenvector:
    0.187565    0.165286   -0.247105    0.038128   -0.058874
   -0.242983    0.096012    0.230911    0.050397    0.246222
   -0.037416    0.248911    0.022011    0.250768    0.191245
    0.158564   -0.238013   -0.077343   -0.035551   -0.254079
    0.251171   -0.036911   -0.080075    0.155714    0.219993
    0.218334   -0.041926    0.201899   -0.223258   -0.087186
   -0.117352    0.262205
eigenvalue  10, =     2.758827
eigenvector:
    0.170462    0.182875   -0.247508   -0.035245    0.062635
   -0.241999   -0.072086    0.239181    0.222073    0.116839
    0.201382    0.151512   -0.234151    0.092365    0.177633
   -0.174313    0.098752   -0.233990   -0.222126    0.111400
   -0.149979   -0.198894   -0.139000    0.004309   -0.210249
   -0.262887   -0.068874   -0.211659    0.221328    0.011466
    0.152655   -0.242015
eigenvalue  11, =     1.913355
eigenvector:
    0.151720    0.198696   -0.226636   -0.105556    0.169312
   -0.183947   -0.207876    0.139058    0.231016   -0.098322
    0.227581   -0.106895   -0.157940   -0.198117   -0.154301
   -0.192189    0.221240    0.125267    0.165598    0.188080
   -0.107020    0.223672    0.258462   -0.162286    0.043867
    0.190821    0.166787    0.172728   -0.197236    0.064276
   -0.182656    0.217840
eigenvalue  12, =     1.918814
eigenvector:
    0.131511    0.212615   -0.186208   -0.166815    0.236056
   -0.082315   -0.248806   -0.024425    0.071735   -0.240920
    0.012987   -0.251963    0.143084   -0.206228   -0.208540
    0.136073   -0.143302    0.207698    0.126542   -0.221855
    0.249830   -0.011324   -0.192623    0.249843    0.160964
   -0.037721   -0.230504   -0.091107    0.156401   -0.134194
    0.205662   -0.192685
eigenvalue  13, =     1.423503
eigenvector:
    0.110041    0.224482   -0.129780   -0.213661    0.247022
    0.038603   -0.177091   -0.176653   -0.140216   -0.207297
   -0.214562   -0.130054    0.240593    0.078777    0.113214
    0.219759   -0.191732   -0.164765   -0.241384   -0.056296
   -0.130638   -0.210787   -0.011131   -0.226358   -0.251977
   -0.127640    0.243566   -0.017200   -0.102535    0.191914
   -0.223709    0.164986
eigenvalue  14, =     1.425973
eigenvector:
    0.087509    0.234184   -0.062162   -0.242171    0.199543
    0.150350   -0.025078   -0.248912   -0.250355   -0.022593
   -0.217494    0.129376   -0.004146    0.251491    0.230971
   -0.092030    0.179319   -0.175560    0.015811    0.251621
   -0.125546    0.206826    0.204746    0.099797    0.157651
    0.232682   -0.199877    0.125949    0.039328   -0.230115
    0.237329   -0.135877
eigenvalue  15, =     1.115312
eigenvector:
    0.064131    0.241639    0.010813   -0.249758    0.105047
    0.226797    0.138919   -0.207663   -0.176826    0.178932
    0.011052    0.251671   -0.242482    0.066198   -0.067443
   -0.240554    0.156351    0.198773    0.232090   -0.089094
    0.252594    0.016196   -0.248913    0.072462    0.051982
   -0.231625    0.107311   -0.205936    0.029486    0.246563
   -0.245835    0.107890
eigenvalue  16, =     1.113388
eigenvector:
    0.040136    0.246756    0.082854   -0.235893   -0.014054
    0.249522    0.239388   -0.072446    0.025484    0.249394
    0.227925    0.107730   -0.135963   -0.212162   -0.246460
    0.045974   -0.208737    0.136215   -0.151391   -0.199665
   -0.117185   -0.220739    0.115448   -0.210415   -0.221081
    0.126222    0.015118    0.234841   -0.098640   -0.238068
    0.249342   -0.082193
eigenvalue  17, =     0.913878
eigenvector:
    0.015758    0.249502    0.147760   -0.201666   -0.130080
    0.213466    0.231106    0.095313    0.209522    0.137851
    0.203549   -0.150372    0.162994   -0.188909    0.021331
    0.251187   -0.116664   -0.225831   -0.145030    0.206051
   -0.139459    0.190661    0.096387    0.250329    0.225045
    0.033307   -0.139092   -0.204286    0.160366    0.203660
   -0.246948    0.060207
eigenvalue  18, =     0.911920
eigenvector:
   -0.008773    0.249845    0.199946   -0.150087   -0.215454
    0.126937    0.117940    0.220033    0.240188   -0.075080
   -0.035821   -0.248942    0.230601    0.101600    0.250732
    0.001748    0.233145   -0.089613    0.238499    0.078425
    0.248117    0.043077   -0.234021   -0.175630   -0.059112
   -0.172845    0.234576    0.121539   -0.206923   -0.148353
    0.237718   -0.041056
eigenvalue  19, =     0.775231
eigenvector:
   -0.033218    0.247784    0.234871   -0.085610   -0.249840
    0.010370   -0.048369    0.244932    0.095387   -0.232634
   -0.237625   -0.084242   -0.029514    0.249154    0.026629
   -0.251178    0.070759    0.242563    0.005637   -0.250717
   -0.095320   -0.234044    0.200692    0.021091   -0.155533
    0.232056   -0.278828   -0.004667    0.236801    0.077917
   -0.223809    0.022674
eigenvalue  20, =     0.776506
eigenvector:
   -0.057349    0.243333    0.249628   -0.013725   -0.225130
   -0.108596   -0.193405    0.158815   -0.119576   -0.220108
   -0.187681    0.169335   -0.247816    0.041947   -0.245535
   -0.050275   -0.249826    0.039033   -0.244655    0.070110
   -0.158325    0.180855   -0.022004    0.142043    0.259645
   -0.187990    0.260395   -0.119858   -0.252275   -0.000353
    0.212021   -0.003104
eigenvalue  21, =     0.681113
eigenvector:
   -0.080922    0.236540    0.242861    0.059333   -0.147395
   -0.202056   -0.249934    0.000629   -0.246839   -0.047166
    0.060593    0.244033   -0.113218   -0.223830   -0.074364
    0.240861   -0.017877   -0.247332    0.139621    0.205295
    0.245683    0.061140   -0.172225   -0.236578   -0.173361
    0.060492   -0.181204    0.221325    0.252025   -0.075432
   -0.206591   -0.017967
eigenvalue  22, =     0.679636
eigenvector:
   -0.103720    0.227470    0.215179    0.127275   -0.034757
   -0.247604   -0.193322   -0.158168   -0.193280    0.160752
    0.244356    0.060338    0.182009   -0.173102    0.231474
    0.098845    0.251630    0.009243    0.161892   -0.188439
   -0.074706   -0.238636    0.240737    0.217471   -0.041844
    0.095163    0.058206   -0.272269   -0.235670    0.142927
    0.204314    0.039334
eigenvalue  23, =     0.614183
eigenvector:
   -0.125518    0.216209    0.168992    0.184275    0.086019
   -0.234739   -0.048968   -0.245249    0.001320    0.250727
    0.169654   -0.186781    0.218265    0.123831    0.120770
   -0.222595   -0.032919    0.244640   -0.233576   -0.095199
   -0.172988    0.163635   -0.134817   -0.095087    0.226498
   -0.208430    0.078000    0.256094    0.204919   -0.196686
   -0.201337   -0.060652
eigenvalue  24, =     0.564313
eigenvector:
   -0.146103    0.202866    0.108190    0.225390    0.186598
   -0.166425    0.117583   -0.220439    0.195424    0.158082
   -0.084122   -0.236422   -0.056076    0.244462   -0.210659
   -0.142795   -0.243485   -0.056373   -0.026332    0.244273
    0.233509    0.087778   -0.068132   -0.070562   -0.245244
    0.225449   -0.192837   -0.177451   -0.159583    0.234282
    0.196538    0.081325
eigenvalue  25, =     0.615158
eigenvector:
   -0.165282    0.187566    0.038117    0.247055    0.242918
   -0.058799    0.230841   -0.096143    0.246029   -0.050294
   -0.248965   -0.036454   -0.250199    0.019085   -0.160379
    0.195080    0.080875   -0.234168    0.249939   -0.047007
   -0.041029   -0.252647    0.221917    0.202305    0.085913
   -0.137163    0.256977    0.058490    0.100429   -0.256014
   -0.190819   -0.102168
eigenvalue  26, =     0.564552
eigenvector:
   -0.182875    0.170466   -0.035267    0.247527    0.242009
    0.062638    0.239433    0.072041    0.116793   -0.221768
   -0.150127    0.202063   -0.088833   -0.232923    0.179302
    0.181109    0.227244    0.103718   -0.118880   -0.217189
   -0.198415    0.156732   -0.214376   -0.241231    0.134547
   -0.016077   -0.255861    0.072555   -0.032432    0.261590
    0.185642    0.123632
eigenvalue  27, =     0.531403
eigenvector:
   -0.198699    0.151716   -0.105574    0.226603    0.184001
    0.169382    0.139036    0.207694   -0.097912   -0.231446
    0.107014    0.226943    0.197461   -0.156340    0.195200
   -0.160400   -0.126433    0.212134   -0.181669    0.173369
    0.228158    0.101556    0.049007    0.168302   -0.255906
    0.164389    0.195562   -0.185831   -0.038598   -0.250325
   -0.182154   -0.142323
eigenvalue  28, =     0.532197
eigenvector:
   -0.212618    0.131512   -0.166796    0.186217    0.082353
    0.235911   -0.024446    0.248945   -0.240915   -0.072215
    0.251403    0.012569    0.204029    0.143190   -0.141420
   -0.210494   -0.202148   -0.144821    0.225118    0.116190
   -0.016560   -0.251970    0.153816   -0.015071    0.190737
   -0.240504   -0.093266    0.255145    0.109437    0.221857
    0.180981    0.156402
eigenvalue  29, =     0.513196
eigenvector:
   -0.224482    0.110040   -0.213684    0.129737   -0.038572
    0.246958   -0.176645    0.177053   -0.207531    0.140656
    0.128563   -0.215203   -0.078287    0.240171   -0.221593
    0.117972    0.168023   -0.183682    0.049033   -0.238870
   -0.211986    0.136510   -0.242634   -0.145967    0.011619
    0.208456   -0.028599   -0.264151   -0.175165   -0.177464
   -0.178679   -0.165949
eigenvalue  30, =     0.512059
eigenvector:
   -0.234185    0.087505   -0.242148    0.062153   -0.150525
    0.199699   -0.248703    0.025139   -0.022657    0.250561
   -0.129312   -0.216264   -0.250262   -0.004163    0.096107
    0.232100    0.167879    0.179579   -0.250240    0.019047
    0.214377    0.124224    0.148624    0.240472   -0.201504
   -0.077676    0.142580    0.210779    0.226944    0.120371
    0.170439    0.172405
eigenvalue  31, =     0.502447
eigenvector:
   -0.241636    0.064129   -0.249755   -0.010827   -0.226752
    0.105169   -0.207684   -0.138780    0.178931    0.176630
   -0.250037    0.011728   -0.067283   -0.242146    0.242182
   -0.071112   -0.200671    0.150497    0.093829    0.229869
    0.012515   -0.256720    0.059004   -0.225856    0.242973
   -0.095389   -0.221296   -0.108869   -0.257840   -0.056151
   -0.156600   -0.180511
eigenvalue  32, =     0.501437
eigenvector:
   -0.246754    0.040138   -0.235859   -0.082847   -0.249668
   -0.014186   -0.072822   -0.239369    0.249211   -0.025501
   -0.106587    0.226799    0.211452   -0.137045   -0.049718
   -0.246180   -0.128728   -0.209429    0.194902   -0.151643
   -0.226032    0.119213   -0.225890    0.108309   -0.110303
    0.228757    0.244082   -0.015070    0.265444   -0.009747
    0.139937    0.192365
Rotations: 1000001
Total time:131.405345 sec

[16.000000][15.000000][14.000000][13.000000][12.000000][11.000000][10.000000][9.000000][8.000000][7.000000][6.000000][5.000000][4.000000][3.000000][2.000000][1.000000][0.000000][-1.000000][-2.000000][-3.000000][-4.000000][-5.000000][-6.000000][-7.000000][-8.000000][-9.000000][-10.000000][-11.000000][-12.000000][-13.000000][-14.000000][-15.000000]
[15.000000][16.000000][15.000000][14.000000][13.000000][12.000000][11.000000][10.000000][9.000000][8.000000][7.000000][6.000000][5.000000][4.000000][3.000000][2.000000][1.000000][0.000000][-1.000000][-2.000000][-3.000000][-4.000000][-5.000000][-6.000000][-7.000000][-8.000000][-9.000000][-10.000000][-11.000000][-12.000000][-13.000000][-14.000000]
[14.000000][15.000000][16.000000][15.000000][14.000000][13.000000][12.000000][11.000000][10.000000][9.000000][8.000000][7.000000][6.000000][5.000000][4.000000][3.000000][2.000000][1.000000][0.000000][-1.000000][-2.000000][-3.000000][-4.000000][-5.000000][-6.000000][-7.000000][-8.000000][-9.000000][-10.000000][-11.000000][-12.000000][-13.000000]
[13.000000][14.000000][15.000000][16.000000][15.000000][14.000000][13.000000][12.000000][11.000000][10.000000][9.000000][8.000000][7.000000][6.000000][5.000000][4.000000][3.000000][2.000000][1.000000][0.000000][-1.000000][-2.000000][-3.000000][-4.000000][-5.000000][-6.000000][-7.000000][-8.000000][-9.000000][-10.000000][-11.000000][-12.000000]
[12.000000][13.000000][14.000000][15.000000][16.000000][15.000000][14.000000][13.000000][12.000000][11.000000][10.000000][9.000000][8.000000][7.000000][6.000000][5.000000][4.000000][3.000000][2.000000][1.000000][0.000000][-1.000000][-2.000000][-3.000000][-4.000000][-5.000000][-6.000000][-7.000000][-8.000000][-9.000000][-10.000000][-11.000000]
[11.000000][12.000000][13.000000][14.000000][15.000000][16.000000][15.000000][14.000000][13.000000][12.000000][11.000000][10.000000][9.000000][8.000000][7.000000][6.000000][5.000000][4.000000][3.000000][2.000000][1.000000][0.000000][-1.000000][-2.000000][-3.000000][-4.000000][-5.000000][-6.000000][-7.000000][-8.000000][-9.000000][-10.000000]
[10.000000][11.000000][12.000000][13.000000][14.000000][15.000000][16.000000][15.000000][14.000000][13.000000][12.000000][11.000000][10.000000][9.000000][8.000000][7.000000][6.000000][5.000000][4.000000][3.000000][2.000000][1.000000][0.000000][-1.000000][-2.000000][-3.000000][-4.000000][-5.000000][-6.000000][-7.000000][-8.000000][-9.000000]
[9.000000][10.000000][11.000000][12.000000][13.000000][14.000000][15.000000][16.000000][15.000000][14.000000][13.000000][12.000000][11.000000][10.000000][9.000000][8.000000][7.000000][6.000000][5.000000][4.000000][3.000000][2.000000][1.000000][0.000000][-1.000000][-2.000000][-3.000000][-4.000000][-5.000000][-6.000000][-7.000000][-8.000000]
[8.000000][9.000000][10.000000][11.000000][12.000000][13.000000][14.000000][15.000000][16.000000][15.000000][14.000000][13.000000][12.000000][11.000000][10.000000][9.000000][8.000000][7.000000][6.000000][5.000000][4.000000][3.000000][2.000000][1.000000][0.000000][-1.000000][-2.000000][-3.000000][-4.000000][-5.000000][-6.000000][-7.000000]
[7.000000][8.000000][9.000000][10.000000][11.000000][12.000000][13.000000][14.000000][15.000000][16.000000][15.000000][14.000000][13.000000][12.000000][11.000000][10.000000][9.000000][8.000000][7.000000][6.000000][5.000000][4.000000][3.000000][2.000000][1.000000][0.000000][-1.000000][-2.000000][-3.000000][-4.000000][-5.000000][-6.000000]
[6.000000][7.000000][8.000000][9.000000][10.000000][11.000000][12.000000][13.000000][14.000000][15.000000][16.000000][15.000000][14.000000][13.000000][12.000000][11.000000][10.000000][9.000000][8.000000][7.000000][6.000000][5.000000][4.000000][3.000000][2.000000][1.000000][0.000000][-1.000000][-2.000000][-3.000000][-4.000000][-5.000000]
[5.000000][6.000000][7.000000][8.000000][9.000000][10.000000][11.000000][12.000000][13.000000][14.000000][15.000000][16.000000][15.000000][14.000000][13.000000][12.000000][11.000000][10.000000][9.000000][8.000000][7.000000][6.000000][5.000000][4.000000][3.000000][2.000000][1.000000][0.000000][-1.000000][-2.000000][-3.000000][-4.000000]
[4.000000][5.000000][6.000000][7.000000][8.000000][9.000000][10.000000][11.000000][12.000000][13.000000][14.000000][15.000000][16.000000][15.000000][14.000000][13.000000][12.000000][11.000000][10.000000][9.000000][8.000000][7.000000][6.000000][5.000000][4.000000][3.000000][2.000000][1.000000][0.000000][-1.000000][-2.000000][-3.000000]
[3.000000][4.000000][5.000000][6.000000][7.000000][8.000000][9.000000][10.000000][11.000000][12.000000][13.000000][14.000000][15.000000][16.000000][15.000000][14.000000][13.000000][12.000000][11.000000][10.000000][9.000000][8.000000][7.000000][6.000000][5.000000][4.000000][3.000000][2.000000][1.000000][0.000000][-1.000000][-2.000000]
[2.000000][3.000000][4.000000][5.000000][6.000000][7.000000][8.000000][9.000000][10.000000][11.000000][12.000000][13.000000][14.000000][15.000000][16.000000][15.000000][14.000000][13.000000][12.000000][11.000000][10.000000][9.000000][8.000000][7.000000][6.000000][5.000000][4.000000][3.000000][2.000000][1.000000][0.000000][-1.000000]
[1.000000][2.000000][3.000000][4.000000][5.000000][6.000000][7.000000][8.000000][9.000000][10.000000][11.000000][12.000000][13.000000][14.000000][15.000000][16.000000][15.000000][14.000000][13.000000][12.000000][11.000000][10.000000][9.000000][8.000000][7.000000][6.000000][5.000000][4.000000][3.000000][2.000000][1.000000][0.000000]
[0.000000][1.000000][2.000000][3.000000][4.000000][5.000000][6.000000][7.000000][8.000000][9.000000][10.000000][11.000000][12.000000][13.000000][14.000000][15.000000][16.000000][15.000000][14.000000][13.000000][12.000000][11.000000][10.000000][9.000000][8.000000][7.000000][6.000000][5.000000][4.000000][3.000000][2.000000][1.000000]
[-1.000000][0.000000][1.000000][2.000000][3.000000][4.000000][5.000000][6.000000][7.000000][8.000000][9.000000][10.000000][11.000000][12.000000][13.000000][14.000000][15.000000][16.000000][15.000000][14.000000][13.000000][12.000000][11.000000][10.000000][9.000000][8.000000][7.000000][6.000000][5.000000][4.000000][3.000000][2.000000]
[-2.000000][-1.000000][0.000000][1.000000][2.000000][3.000000][4.000000][5.000000][6.000000][7.000000][8.000000][9.000000][10.000000][11.000000][12.000000][13.000000][14.000000][15.000000][16.000000][15.000000][14.000000][13.000000][12.000000][11.000000][10.000000][9.000000][8.000000][7.000000][6.000000][5.000000][4.000000][3.000000]
[-3.000000][-2.000000][-1.000000][0.000000][1.000000][2.000000][3.000000][4.000000][5.000000][6.000000][7.000000][8.000000][9.000000][10.000000][11.000000][12.000000][13.000000][14.000000][15.000000][16.000000][15.000000][14.000000][13.000000][12.000000][11.000000][10.000000][9.000000][8.000000][7.000000][6.000000][5.000000][4.000000]
[-4.000000][-3.000000][-2.000000][-1.000000][0.000000][1.000000][2.000000][3.000000][4.000000][5.000000][6.000000][7.000000][8.000000][9.000000][10.000000][11.000000][12.000000][13.000000][14.000000][15.000000][16.000000][15.000000][14.000000][13.000000][12.000000][11.000000][10.000000][9.000000][8.000000][7.000000][6.000000][5.000000]
[-5.000000][-4.000000][-3.000000][-2.000000][-1.000000][0.000000][1.000000][2.000000][3.000000][4.000000][5.000000][6.000000][7.000000][8.000000][9.000000][10.000000][11.000000][12.000000][13.000000][14.000000][15.000000][16.000000][15.000000][14.000000][13.000000][12.000000][11.000000][10.000000][9.000000][8.000000][7.000000][6.000000]
[-6.000000][-5.000000][-4.000000][-3.000000][-2.000000][-1.000000][0.000000][1.000000][2.000000][3.000000][4.000000][5.000000][6.000000][7.000000][8.000000][9.000000][10.000000][11.000000][12.000000][13.000000][14.000000][15.000000][16.000000][15.000000][14.000000][13.000000][12.000000][11.000000][10.000000][9.000000][8.000000][7.000000]
[-7.000000][-6.000000][-5.000000][-4.000000][-3.000000][-2.000000][-1.000000][0.000000][1.000000][2.000000][3.000000][4.000000][5.000000][6.000000][7.000000][8.000000][9.000000][10.000000][11.000000][12.000000][13.000000][14.000000][15.000000][16.000000][15.000000][14.000000][13.000000][12.000000][11.000000][10.000000][9.000000][8.000000]
[-8.000000][-7.000000][-6.000000][-5.000000][-4.000000][-3.000000][-2.000000][-1.000000][0.000000][1.000000][2.000000][3.000000][4.000000][5.000000][6.000000][7.000000][8.000000][9.000000][10.000000][11.000000][12.000000][13.000000][14.000000][15.000000][16.000000][15.000000][14.000000][13.000000][12.000000][11.000000][10.000000][9.000000]
[-9.000000][-8.000000][-7.000000][-6.000000][-5.000000][-4.000000][-3.000000][-2.000000][-1.000000][0.000000][1.000000][2.000000][3.000000][4.000000][5.000000][6.000000][7.000000][8.000000][9.000000][10.000000][11.000000][12.000000][13.000000][14.000000][15.000000][16.000000][15.000000][14.000000][13.000000][12.000000][11.000000][10.000000]
[-10.000000][-9.000000][-8.000000][-7.000000][-6.000000][-5.000000][-4.000000][-3.000000][-2.000000][-1.000000][0.000000][1.000000][2.000000][3.000000][4.000000][5.000000][6.000000][7.000000][8.000000][9.000000][10.000000][11.000000][12.000000][13.000000][14.000000][15.000000][16.000000][15.000000][14.000000][13.000000][12.000000][11.000000]
[-11.000000][-10.000000][-9.000000][-8.000000][-7.000000][-6.000000][-5.000000][-4.000000][-3.000000][-2.000000][-1.000000][0.000000][1.000000][2.000000][3.000000][4.000000][5.000000][6.000000][7.000000][8.000000][9.000000][10.000000][11.000000][12.000000][13.000000][14.000000][15.000000][16.000000][15.000000][14.000000][13.000000][12.000000]
[-12.000000][-11.000000][-10.000000][-9.000000][-8.000000][-7.000000][-6.000000][-5.000000][-4.000000][-3.000000][-2.000000][-1.000000][0.000000][1.000000][2.000000][3.000000][4.000000][5.000000][6.000000][7.000000][8.000000][9.000000][10.000000][11.000000][12.000000][13.000000][14.000000][15.000000][16.000000][15.000000][14.000000][13.000000]
[-13.000000][-12.000000][-11.000000][-10.000000][-9.000000][-8.000000][-7.000000][-6.000000][-5.000000][-4.000000][-3.000000][-2.000000][-1.000000][0.000000][1.000000][2.000000][3.000000][4.000000][5.000000][6.000000][7.000000][8.000000][9.000000][10.000000][11.000000][12.000000][13.000000][14.000000][15.000000][16.000000][15.000000][14.000000]
[-14.000000][-13.000000][-12.000000][-11.000000][-10.000000][-9.000000][-8.000000][-7.000000][-6.000000][-5.000000][-4.000000][-3.000000][-2.000000][-1.000000][0.000000][1.000000][2.000000][3.000000][4.000000][5.000000][6.000000][7.000000][8.000000][9.000000][10.000000][11.000000][12.000000][13.000000][14.000000][15.000000][16.000000][15.000000]
[-15.000000][-14.000000][-13.000000][-12.000000][-11.000000][-10.000000][-9.000000][-8.000000][-7.000000][-6.000000][-5.000000][-4.000000][-3.000000][-2.000000][-1.000000][0.000000][1.000000][2.000000][3.000000][4.000000][5.000000][6.000000][7.000000][8.000000][9.000000][10.000000][11.000000][12.000000][13.000000][14.000000][15.000000][16.000000]
****** Finding Eigenvalues ******

******  Eigenvalues ******

[207.672913][0.000005][-0.000007][0.000995][0.000091][0.000026][0.000001][0.000199][0.000016][0.000006][0.000685][0.000048][-0.000048][0.000016][0.000008][0.000417][-0.000019][0.000374][0.000508][0.000047][0.000163][0.000186][0.000048][-0.000024][0.000288][-0.000290][0.000003][0.000221][-0.000032][-0.000027][-0.000010][-0.000717]
[0.000004][207.672989][0.000003][0.000007][-0.000125][0.000004][0.000001][-0.000111][0.000009][0.000071][0.000036][0.000002][0.000111][-0.000325][-0.000925][-0.000239][-0.000019][-0.000031][0.000412][-0.000105][-0.000020][-0.000829][0.000185][0.000059][0.000721][-0.000021][-0.000205][-0.000102][-0.000519][0.000047][-0.000119][-0.000022]
[-0.000007][-0.000009][23.223639][-0.000002][0.000519][-0.000241][0.000159][0.000571][-0.000048][-0.000044][-0.000433][-0.000014][-0.000383][0.000422][0.000010][0.000158][-0.000578][-0.000062][0.000097][-0.000139][0.000073][0.000012][-0.000043][0.000421][-0.000086][0.000116][-0.000005][0.000746][0.000225][-0.000107][-0.000579][0.000850]
[0.000996][0.000007][-0.000005][23.223621][-0.000048][0.000508][-0.000268][0.000180][-0.000038][0.000049][0.000107][-0.000090][-0.000209][0.000021][-0.000216][0.000063][-0.000031][0.000045][-0.000061][-0.000569][-0.000051][-0.000053][0.000292][-0.000316][-0.000947][-0.000009][0.000998][-0.000565][0.000577][0.000025][-0.001006][-0.000616]
[0.000091][-0.000129][0.000521][-0.000047][8.468946][-0.000000][-0.000019][-0.000033][-0.000557][-0.000148][-0.000547][0.000111][-0.000023][-0.000146][0.000402][-0.000058][0.000127][0.000250][-0.000238][-0.000193][0.000989][0.000104][0.000147][-0.000210][0.000706][0.000102][-0.000002][0.000361][-0.000413][0.000441][0.000950][-0.000908]
[0.000027][0.000002][-0.000240][0.000510][-0.000002][8.468957][-0.000014][0.000020][-0.001131][0.000454][0.000209][0.000596][0.000425][-0.000068][-0.000106][-0.000471][0.000098][-0.000156][-0.000365][-0.000688][0.000130][-0.000433][0.000068][0.000225][-0.000317][-0.000119][0.000269][-0.000141][-0.000285][-0.000261][-0.000624][-0.000105]
[0.000002][0.000002][0.000159][-0.000268][-0.000018][-0.000015][4.405497][0.000001][-0.000310][-0.000821][0.000254][-0.000558][-0.001040][-0.001063][-0.000661][-0.000835][-0.000598][-0.000497][0.000178][-0.000446][-0.000142][-0.000362][-0.000264][0.000659][-0.000633][0.000702][0.000883][-0.000576][-0.000325][-0.000753][-0.000404][-0.000697]
[0.000200][-0.000112][0.000571][0.000178][-0.000031][0.000018][-0.000000][4.405498][0.001081][-0.001050][-0.000483][-0.000242][-0.000258][0.000498][0.000776][-0.000672][-0.000110][0.000442][-0.000573][-0.000130][0.000498][-0.001011][-0.000689][-0.000416][0.000488][0.000744][-0.000243][-0.000306][-0.000085][-0.000928][-0.000395][0.000316]
[0.000013][0.000012][-0.000049][-0.000040][-0.000556][-0.001131][-0.000312][0.001081][2.760143][0.000021][0.001134][-0.001135][-0.000005][-0.000004][-0.000955][0.000840][0.000679][0.000817][-0.000604][0.000610][0.000102][0.000541][-0.000161][0.000465][0.000187][0.000672][0.000457][0.000952][-0.000941][0.000542][0.000856][0.000016]
[0.000006][0.000065][-0.000046][0.000049][-0.000149][0.000452][-0.000820][-0.001048][0.000022][2.757589][-0.001135][0.001135][-0.000003][0.000004][-0.000355][0.000153][0.000942][-0.000575][-0.000411][-0.000900][-0.000108][-0.000264][-0.000062][0.000148][-0.000110][0.000560][-0.000485][-0.000901][0.000002][0.000290][0.000003][0.000279]
[0.000688][0.000042][-0.000432][0.000107][-0.000546][0.000209][0.000253][-0.000484][0.001135][-0.001136][1.913534][-0.000008][-0.001134][0.001135][0.000004][-0.000006][0.000311][-0.000305][-0.000200][0.001096][0.000029][-0.000007][0.000849][0.000088][0.000001][0.000000][0.000624][0.000093][-0.001009][-0.000306][0.000017][-0.000002]
[0.000048][0.000006][-0.000014][-0.000091][0.000111][0.000596][-0.000557][-0.000242][-0.001134][0.001134][-0.000007][1.915176][0.001134][-0.001135][-0.000019][-0.000011][-0.001073][-0.000084][-0.000113][0.000944][0.000027][0.000014][0.000155][-0.000060][-0.000008][-0.000009][-0.000009][-0.000256][-0.000260][-0.000458][0.000062][0.000002]
[-0.000046][0.000117][-0.000381][-0.000209][-0.000024][0.000425][-0.001039][-0.000259][-0.000005][-0.000004][-0.001134][0.001135][1.431632][-0.000027][-0.001134][0.001133][-0.000012][0.000028][-0.000182][-0.000055][0.001135][0.001133][0.000060][0.000047][-0.001135][-0.001128][-0.000084][-0.000069][-0.000023][0.000007][0.000263][-0.000949]
[0.000016][-0.000323][0.000421][0.000023][-0.000146][-0.000068][-0.001063][0.000499][-0.000004][0.000004][0.001135][-0.001134][-0.000027][1.427392][-0.001133][-0.001134][0.000018][0.000018][0.000060][0.000095][-0.001130][0.000692][-0.000053][0.000077][-0.001135][-0.000811][-0.000051][0.000028][-0.000019][-0.000015][-0.000136][0.001133]
[0.000008][-0.000929][0.000011][-0.000215][0.000401][-0.000106][-0.000662][0.000776][-0.000954][-0.000355][0.000004][-0.000019][-0.001135][-0.001133][1.112691][0.000002][-0.001134][0.001135][0.000008][-0.000014][0.000409][-0.000240][0.000012][0.000080][0.000010][0.000728][-0.000406][0.000323][-0.001132][-0.001135][-0.000265][-0.000143]
[0.000419][-0.000246][0.000157][0.000064][-0.000058][-0.000472][-0.000835][-0.000672][0.000841][0.000152][-0.000006][-0.000012][0.001133][-0.001135][-0.000000][1.111254][0.001134][-0.001134][-0.000059][0.000005][0.000398][0.000227][0.000008][0.000004][0.000055][0.000102][-0.001131][0.000271][-0.000152][-0.000136][-0.000116][-0.000031]
[-0.000021][-0.000017][-0.000579][-0.000032][0.000126][0.000098][-0.000598][-0.000110][0.000679][0.000942][0.000312][-0.001074][-0.000012][0.000019][-0.001135][0.001134][0.911421][-0.000030][0.001134][-0.001134][-0.000056][0.000000][-0.000111][0.000225][-0.001129][-0.000096][-0.000021][0.000025][0.000144][0.000115][-0.000048][0.000064]
[0.000374][-0.000026][-0.000062][0.000044][0.000250][-0.000157][-0.000497][0.000442][0.000816][-0.000576][-0.000305][-0.000084][0.000028][0.000017][0.001134][-0.001134][-0.000031][0.911036][0.001134][-0.001134][0.000003][-0.000002][0.001104][0.000173][0.000060][-0.000096][-0.000047][0.000065][-0.000263][0.000274][0.000997][0.000082]
[0.000509][0.000411][0.000096][-0.000060][-0.000237][-0.000366][0.000177][-0.000573][-0.000604][-0.000411][-0.000200][-0.000114][-0.000182][0.000060][0.000007][-0.000059][0.001134][0.001135][0.775328][-0.000035][0.001133][0.001134][0.000039][0.000034][0.000194][-0.000502][0.001077][-0.001105][-0.000089][0.000013][0.000145][-0.000055]
[0.000047][-0.000106][-0.000140][-0.000567][-0.000193][-0.000688][-0.000445][-0.000129][0.000611][-0.000900][0.001096][0.000943][-0.000055][0.000095][-0.000016][0.000005][-0.001134][-0.001134][-0.000037][0.775333][0.001134][0.001132][-0.000015][-0.000004][0.000012][0.000371][-0.001124][0.001095][0.000225][-0.000031][0.000044][0.000513]
[0.000164][-0.000020][0.000075][-0.000053][0.000990][0.000131][-0.000142][0.000497][0.000102][-0.000108][0.000028][0.000027][0.001135][-0.001130][0.000410][0.000398][-0.000055][0.000003][0.001134][0.001134][0.684996][0.000070][0.001135][-0.001133][-0.000063][-0.000041][0.000392][-0.000332][-0.000767][-0.001123][0.000043][0.000010]
[0.000185][-0.000833][0.000011][-0.000053][0.000104][-0.000433][-0.000362][-0.001012][0.000542][-0.000264][-0.000007][0.000013][0.001133][0.000692][-0.000241][0.000226][0.000000][-0.000002][0.001133][0.001132][0.000071][0.683022][-0.001134][0.001134][0.000008][-0.000009][-0.000011][0.000326][-0.000716][0.001097][-0.000054][0.000169]
[0.000047][0.000173][-0.000045][0.000293][0.000145][0.000068][-0.000263][-0.000688][-0.000160][-0.000063][0.000849][0.000156][0.000060][-0.000052][0.000012][0.000007][-0.000112][0.001104][0.000039][-0.000015][0.001135][-0.001134][0.611937][0.000028][-0.001130][-0.001132][0.000073][0.000115][0.000213][-0.000484][-0.000581][0.000741]
[-0.000023][0.000059][0.000420][-0.000316][-0.000210][0.000224][0.000659][-0.000415][0.000466][0.000147][0.000088][-0.000060][0.000047][0.000076][0.000079][0.000005][0.000225][0.000174][0.000034][-0.000003][-0.001133][0.001134][0.000028][0.611968][0.001128][0.001134][0.000007][0.000045][0.000180][0.000143][0.001128][-0.001102]
[0.000290][0.000728][-0.000082][-0.000947][0.000706][-0.000315][-0.000634][0.000487][0.000186][-0.000110][0.000001][-0.000008][-0.001134][-0.001134][0.000010][0.000055][-0.001129][0.000059][0.000194][0.000012][-0.000064][0.000008][-0.001129][0.001128][0.568393][0.000105][-0.001114][0.001129][-0.000204][-0.000200][0.000211][-0.000429]
[-0.000290][-0.000028][0.000113][-0.000007][0.000102][-0.000120][0.000702][0.000745][0.000672][0.000560][0.000001][-0.000009][-0.001128][-0.000811][0.000727][0.000102][-0.000096][-0.000096][-0.000503][0.000371][-0.000040][-0.000008][-0.001132][0.001134][0.000104][0.564108][0.001132][-0.001134][0.000089][-0.000130][0.000156][-0.000145]
[0.000004][-0.000212][-0.000008][0.001000][-0.000002][0.000269][0.000884][-0.000241][0.000458][-0.000485][0.000625][-0.000010][-0.000084][-0.000052][-0.000406][-0.001130][-0.000021][-0.000046][0.001076][-0.001125][0.000392][-0.000010][0.000073][0.000006][-0.001115][0.001132][0.532443][0.000034][-0.001007][0.001119][-0.000233][0.000617]
[0.000220][-0.000103][0.000747][-0.000563][0.000361][-0.000140][-0.000575][-0.000306][0.000951][-0.000900][0.000092][-0.000256][-0.000070][0.000028][0.000323][0.000271][0.000025][0.000064][-0.001105][0.001094][-0.000331][0.000325][0.000115][0.000045][0.001129][-0.001134][0.000034][0.531660][0.001087][-0.001113][-0.000188][-0.000352]
[-0.000034][-0.000518][0.000228][0.000574][-0.000414][-0.000284][-0.000325][-0.000086][-0.000942][0.000002][-0.001010][-0.000259][-0.000022][-0.000018][-0.001132][-0.000153][0.000145][-0.000264][-0.000090][0.000226][-0.000768][-0.000716][0.000214][0.000180][-0.000204][0.000090][-0.001006][0.001087][0.511365][-0.000302][0.000912][-0.001083]
[-0.000027][0.000049][-0.000105][0.000024][0.000441][-0.000262][-0.000753][-0.000930][0.000543][0.000290][-0.000307][-0.000458][0.000007][-0.000014][-0.001133][-0.000137][0.000115][0.000273][0.000013][-0.000030][-0.001123][0.001097][-0.000484][0.000143][-0.000200][-0.000130][0.001118][-0.001113][-0.000301][0.511954][0.001110][-0.000833]
[-0.000010][-0.000112][-0.000576][-0.001008][0.000949][-0.000622][-0.000403][-0.000398][0.000855][0.000003][0.000017][0.000063][0.000264][-0.000135][-0.000263][-0.000117][-0.000049][0.000997][0.000145][0.000045][0.000043][-0.000055][-0.000581][0.001129][0.000212][0.000156][-0.000233][-0.000187][0.000913][0.001110][0.501810][-0.000209]
[-0.000718][-0.000031][0.000846][-0.000615][-0.000907][-0.000106][-0.000697][0.000318][0.000017][0.000278][-0.000001][0.000001][-0.000949][0.001132][-0.000144][-0.000030][0.000064][0.000081][-0.000054][0.000512][0.000010][0.000169][0.000741][-0.001103][-0.000429][-0.000145][0.000616][-0.000352][-0.001083][-0.000833][-0.000209][0.502658]
eigenvalue   1, =   207.672913
eigenvector:
    0.249504   -0.015756    0.201651    0.147744    0.213439
    0.130207   -0.095304    0.231097   -0.143124    0.206149
   -0.160166   -0.194023   -0.212352   -0.131426    0.249901
   -0.017103   -0.205671    0.144423   -0.153070    0.200486
   -0.159024   -0.192487   -0.150437   -0.200482    0.085475
    0.228329    0.137318   -0.208172    0.182788    0.207908
    0.065604    0.217557
eigenvalue   2, =   207.672989
eigenvector:
    0.249844    0.008775    0.150084    0.199931    0.126831
    0.215397   -0.220207    0.118464    0.068811    0.241162
   -0.246201    0.048682    0.064094   -0.242946    0.044461
    0.246697   -0.117651   -0.221786   -0.145710   -0.205514
   -0.094769    0.222469   -0.056951    0.251499    0.093575
   -0.213682   -0.036164    0.261903   -0.231110   -0.146448
   -0.037941   -0.221173
eigenvalue   3, =    23.223639
eigenvector:
    0.247783    0.033220    0.085608    0.234865    0.010398
    0.249798   -0.245022   -0.048323    0.230745    0.099677
   -0.072008    0.240232    0.251608   -0.010179   -0.239851
    0.066804    0.229193   -0.101131    0.236069   -0.079622
    0.247857   -0.017118    0.220084   -0.117153   -0.223943
    0.102895   -0.077657   -0.251316    0.263533    0.073778
    0.007826    0.221006
eigenvalue   4, =    23.223621
eigenvector:
    0.243331    0.057346    0.013753    0.249632   -0.108650
    0.225206   -0.158852   -0.193324    0.223164   -0.113771
    0.177627    0.177641    0.082925    0.237574   -0.093774
   -0.232224    0.075323    0.242646    0.010114    0.252707
   -0.137328   -0.207240   -0.219574   -0.106164    0.246659
    0.051449    0.177379    0.177871   -0.276455    0.003624
    0.023498   -0.218884
eigenvalue   5, =     8.468946
eigenvector:
    0.236541    0.080926   -0.059334    0.242855   -0.201864
    0.147413   -0.000518   -0.250208    0.053307   -0.244559
    0.240594   -0.072808   -0.204566    0.147140    0.222409
   -0.113292   -0.246438    0.052657   -0.242350   -0.069764
   -0.117319    0.216230    0.056803    0.255407   -0.156638
   -0.182139   -0.235964   -0.061644    0.268491   -0.077899
   -0.054607    0.216991
eigenvalue   6, =     8.468957
eigenvector:
    0.227468    0.103718   -0.127247    0.215163   -0.247685
    0.034790    0.157917   -0.193490   -0.156298   -0.196593
    0.048828   -0.246489   -0.201593   -0.149928    0.136844
    0.209640   -0.027071   -0.252890    0.129809   -0.209054
    0.243801    0.001300    0.150556   -0.220322   -0.002086
    0.230880    0.236634   -0.064312   -0.239805    0.143195
    0.087249   -0.215224
eigenvalue   7, =     4.405497
eigenvector:
    0.216208    0.125513   -0.184261    0.168996   -0.234697
   -0.086038    0.245133   -0.049036   -0.251795   -0.004755
   -0.193843   -0.159802    0.087826   -0.236355   -0.194811
    0.154117    0.252522   -0.001211    0.168796    0.190856
   -0.110138   -0.218792   -0.251085    0.026399    0.157099
   -0.174554   -0.176125    0.168910    0.189105   -0.194351
   -0.122855    0.214374
eigenvalue   8, =     4.405498
eigenvector:
    0.202865    0.146103   -0.225352    0.108203   -0.166509
   -0.186592    0.220747    0.117862   -0.162697    0.190442
   -0.232405    0.096016    0.251850    0.013374   -0.175262
   -0.178074   -0.022168    0.250428   -0.229865    0.097576
   -0.139671    0.206551    0.170716    0.183951   -0.238284
    0.037841    0.068948   -0.229421   -0.119253    0.223906
    0.157452   -0.214860
eigenvalue   9, =     2.760143
eigenvector:
    0.187568    0.165284   -0.247113    0.038135   -0.058886
   -0.243032    0.096309    0.230664    0.045428    0.246647
   -0.025092    0.250876    0.059922    0.244679    0.159763
   -0.190055   -0.248419   -0.047435   -0.032724   -0.250684
    0.241104    0.025035    0.032125   -0.256753    0.209094
    0.117929    0.056192    0.232981    0.041133   -0.225826
   -0.187171    0.213323
eigenvalue  10, =     2.757589
eigenvector:
    0.170462    0.182873   -0.247501   -0.035226    0.062639
   -0.241976   -0.072059    0.239384    0.219680    0.122201
    0.208544    0.140405   -0.218087    0.127819    0.208003
    0.140576    0.069456   -0.240699    0.247723    0.051997
   -0.087040   -0.233644   -0.210294    0.139923   -0.086351
   -0.223624   -0.167256   -0.181294    0.036729    0.200765
    0.210408   -0.207091
eigenvalue  11, =     1.913534
eigenvector:
    0.151718    0.198701   -0.226635   -0.105579    0.169415
   -0.183866   -0.207809    0.139140    0.232889   -0.091359
    0.221372   -0.118972   -0.185865   -0.170980   -0.121072
    0.217878    0.236132    0.095815   -0.112635    0.219289
   -0.161147    0.198551    0.234270    0.079478   -0.072414
    0.231254    0.237898    0.085749   -0.109226   -0.156370
   -0.227786    0.195389
eigenvalue  12, =     1.915176
eigenvector:
    0.131512    0.212613   -0.186202   -0.166793    0.235922
   -0.082339   -0.248911   -0.024334    0.076882   -0.238366
    0.001691   -0.253034    0.109286   -0.225743   -0.230360
   -0.098008   -0.115545    0.220148   -0.181262   -0.179876
    0.242296    0.045586   -0.087051   -0.241085    0.196160
   -0.132860   -0.251856    0.031491    0.169132    0.099126
    0.240126   -0.176853
eigenvalue  13, =     1.431632
eigenvector:
    0.110042    0.224480   -0.129794   -0.213697    0.247056
    0.038504   -0.177414   -0.176677   -0.135128   -0.211153
   -0.221176   -0.119196    0.250712    0.039167    0.075961
   -0.236201   -0.213889   -0.138423    0.218673   -0.112794
   -0.069502   -0.243892   -0.124385    0.229168   -0.228795
   -0.029097    0.203685   -0.138569   -0.211075   -0.032574
   -0.246751    0.152210
eigenvalue  14, =     1.427392
eigenvector:
    0.087507    0.234188   -0.062157   -0.242127    0.199559
    0.150493   -0.024621   -0.248585   -0.249084   -0.029372
   -0.210091    0.140592    0.035320    0.249841    0.245921
    0.050847    0.158966   -0.192413    0.053502    0.242927
   -0.175863    0.187855    0.248598   -0.056134    0.157783
    0.180420   -0.101929    0.208217    0.231533   -0.036806
    0.250168   -0.125083
eigenvalue  15, =     1.112691
eigenvector:
    0.064131    0.241635    0.010817   -0.249781    0.105118
    0.226729    0.138783   -0.207923   -0.180936    0.173838
    0.023496    0.251967   -0.230526    0.104471   -0.029293
    0.246976    0.180516    0.177587   -0.251348   -0.026378
    0.236582    0.065795   -0.197244   -0.150621   -0.016151
   -0.253656   -0.028572   -0.225165   -0.226580    0.102818
   -0.251635    0.095628
eigenvalue  16, =     1.111254
eigenvector:
    0.040137    0.246756    0.082847   -0.235889   -0.014163
    0.249548    0.238893   -0.072734    0.019543    0.250303
    0.232431    0.096445   -0.167461   -0.189218   -0.251551
   -0.002694   -0.194722    0.154388    0.096543   -0.228810
   -0.048619   -0.249764    0.005687    0.242099   -0.135321
    0.213733    0.151829    0.188761    0.195926   -0.160930
    0.249245   -0.061486
eigenvalue  17, =     0.911421
eigenvector:
    0.015758    0.249501    0.147767   -0.201661   -0.130103
    0.213469    0.231188    0.095416    0.206100    0.143632
    0.195062   -0.160798    0.132877   -0.214496   -0.018581
   -0.248988   -0.139949   -0.206904    0.193027    0.158869
   -0.192658    0.168101    0.191458   -0.154751    0.229880
   -0.075073   -0.237529   -0.110262   -0.143887    0.206789
   -0.241675    0.023360
eigenvalue  18, =     0.911036
eigenvector:
   -0.008772    0.249850    0.199944   -0.150099   -0.215417
    0.126915    0.118281    0.219981    0.241407   -0.068329
   -0.048523   -0.247483    0.243134    0.065678    0.247287
   -0.044706    0.221094   -0.113086   -0.210506    0.137866
    0.233103    0.092558   -0.252270   -0.044535   -0.221267
   -0.100927    0.269449    0.005468    0.077574   -0.236700
    0.230443    0.015367
eigenvalue  19, =     0.775328
eigenvector:
   -0.033221    0.247782    0.234873   -0.085596   -0.249807
    0.010365   -0.048266    0.244923    0.100548   -0.230691
   -0.240471   -0.072391    0.009424    0.253311    0.065742
    0.240440    0.096048    0.228358   -0.067691   -0.239457
   -0.026031   -0.255944    0.130865    0.210081    0.110250
    0.235607   -0.241342    0.104228   -0.006580    0.249560
   -0.218931   -0.052211
eigenvalue  20, =     0.775333
eigenvector:
   -0.057349    0.243333    0.249624   -0.013728   -0.225147
   -0.108606   -0.193166    0.158946   -0.113593   -0.223794
   -0.178444    0.178080   -0.238840    0.079533   -0.233950
    0.092121   -0.239397    0.068779    0.247318    0.000780
   -0.213053    0.150135    0.085238   -0.221734    0.052446
   -0.266477    0.159355   -0.192626   -0.063013   -0.247598
    0.209324    0.084517
eigenvalue  21, =     0.684996
eigenvector:
   -0.080923    0.236542    0.242853    0.059327   -0.147388
   -0.202015   -0.250252    0.000612   -0.245011   -0.053517
    0.072886    0.240657   -0.147005   -0.205512   -0.110927
   -0.224516   -0.048613   -0.240660   -0.073900    0.237317
    0.231433    0.111984   -0.239226    0.072027   -0.193652
    0.176770   -0.043219    0.238382    0.126986    0.231390
   -0.201935   -0.109415
eigenvalue  22, =     0.683022
eigenvector:
   -0.103718    0.227468    0.215209    0.127302   -0.034805
   -0.247681   -0.193473   -0.158173   -0.197172    0.155834
    0.246681    0.048902    0.154439   -0.198802    0.212226
   -0.135017    0.248451   -0.024209   -0.205930   -0.134086
   -0.008821   -0.252686    0.218314    0.128545    0.251822
   -0.006564   -0.080006   -0.230258   -0.179051   -0.199117
    0.195323    0.129425
eigenvalue  23, =     0.611937
eigenvector:
   -0.125518    0.216211    0.168971    0.184228    0.086096
   -0.234731   -0.048879   -0.244792   -0.005083    0.252475
    0.159906   -0.194125    0.234775    0.089456    0.153353
    0.199297   -0.002354    0.247515    0.194335   -0.161698
   -0.221273    0.123341   -0.037876   -0.234442   -0.198034
   -0.165418    0.182438    0.169150    0.215712    0.149300
   -0.189071   -0.147334
eigenvalue  24, =     0.611968
eigenvector:
   -0.146103    0.202864    0.108186    0.225417    0.186543
   -0.166340    0.117639   -0.220777    0.190495    0.163067
   -0.096939   -0.232256   -0.017449    0.251939   -0.184156
    0.172930   -0.245265   -0.024693    0.093359    0.225956
    0.217529    0.136556   -0.168165    0.168700    0.051849
    0.259869   -0.242179   -0.068098   -0.235516   -0.085300
    0.182341    0.163153
eigenvalue  25, =     0.568393
eigenvector:
   -0.165283    0.187566    0.038113    0.247052    0.242986
   -0.058843    0.230672   -0.096277    0.247732   -0.044892
   -0.251083   -0.024316   -0.244968    0.056281   -0.187462
   -0.164772    0.050952   -0.243391   -0.249142    0.034150
    0.016438   -0.247672    0.249328    0.021803    0.122313
   -0.235970    0.247278   -0.051964    0.235836    0.014665
   -0.173177   -0.176886
eigenvalue  26, =     0.564108
eigenvector:
   -0.182872    0.170465   -0.035250    0.247521    0.242022
    0.062654    0.239274    0.071944    0.122832   -0.220001
   -0.138689    0.208889   -0.124437   -0.219597    0.145284
   -0.206085    0.233981    0.071652    0.051882   -0.248713
   -0.234477    0.093458   -0.147475   -0.198066   -0.244940
    0.107182   -0.199107    0.166067   -0.215583    0.057292
    0.162214    0.189656
eigenvalue  27, =     0.532443
eigenvector:
   -0.198704    0.151719   -0.105570    0.226606    0.183892
    0.169318    0.139098    0.207576   -0.091549   -0.233695
    0.119701    0.220504    0.172158   -0.182435    0.216725
    0.125525   -0.096178    0.231591    0.217093    0.111293
    0.204223    0.159250   -0.063026    0.230095    0.258442
    0.067243    0.111100   -0.247459    0.178921   -0.124645
   -0.151647   -0.200388
eigenvalue  28, =     0.531660
eigenvector:
   -0.212616    0.131511   -0.166821    0.186216    0.082394
    0.235996   -0.023956    0.249125   -0.239475   -0.076883
    0.251390   -0.000479    0.224565    0.111546   -0.101995
    0.229982   -0.216517   -0.117755   -0.174092    0.183536
    0.043879   -0.242856    0.226778   -0.091499   -0.153835
   -0.206024   -0.000736    0.274707   -0.132091    0.182216
    0.143410    0.205965
eigenvalue  29, =     0.511365
eigenvector:
   -0.224481    0.110038   -0.213667    0.129736   -0.038541
    0.246937   -0.176704    0.177151   -0.211525    0.135619
    0.117615   -0.220394   -0.041413    0.248179   -0.237128
   -0.080743    0.138798   -0.208496   -0.119116   -0.215944
   -0.244431    0.071049   -0.221052   -0.118644   -0.021737
    0.246413   -0.109348   -0.238793    0.076466   -0.229023
   -0.136335   -0.207881
eigenvalue  30, =     0.511954
eigenvector:
   -0.234186    0.087505   -0.242153    0.062161   -0.150541
    0.199676   -0.248638    0.025102   -0.029416    0.249468
   -0.140794   -0.207543   -0.249292    0.032936    0.055641
   -0.245350    0.190273    0.156343    0.242257   -0.059685
    0.184813    0.172494    0.049903    0.245170    0.186812
   -0.174100    0.192807    0.147066   -0.012352    0.260483
    0.125877    0.208974
eigenvalue  31, =     0.501810
eigenvector:
   -0.241635    0.064130   -0.249748   -0.010824   -0.226830
    0.105171   -0.208046   -0.138768    0.174932    0.180842
   -0.250282    0.023978   -0.103355   -0.228414    0.246720
    0.031864   -0.175819    0.180848   -0.017872    0.250385
    0.067700   -0.230517    0.157879   -0.192453   -0.267000
    0.024121   -0.227976   -0.022901   -0.055802   -0.269098
   -0.110377   -0.209729
eigenvalue  32, =     0.502658
eigenvector:
   -0.246755    0.040137   -0.235859   -0.082841   -0.249573
   -0.014146   -0.072801   -0.239215    0.250430   -0.020461
   -0.094645    0.231165    0.189966   -0.166449   -0.004191
    0.252207   -0.156198   -0.192423   -0.234073   -0.086261
   -0.243872    0.041874   -0.246513   -0.003786    0.227414
    0.134870    0.206639   -0.104880    0.122584    0.251095
    0.090176    0.212494
Rotations: 1000001
Total time:332.450911 sec
