
[8.000000][7.000000][6.000000][5.000000][4.000000][3.000000][2.000000][1.000000][0.000000][-1.000000][-2.000000][-3.000000][-4.000000][-5.000000][-6.000000][-7.000000]
[7.000000][8.000000][7.000000][6.000000][5.000000][4.000000][3.000000][2.000000][1.000000][0.000000][-1.000000][-2.000000][-3.000000][-4.000000][-5.000000][-6.000000]
[6.000000][7.000000][8.000000][7.000000][6.000000][5.000000][4.000000][3.000000][2.000000][1.000000][0.000000][-1.000000][-2.000000][-3.000000][-4.000000][-5.000000]
[5.000000][6.000000][7.000000][8.000000][7.000000][6.000000][5.000000][4.000000][3.000000][2.000000][1.000000][0.000000][-1.000000][-2.000000][-3.000000][-4.000000]
[4.000000][5.000000][6.000000][7.000000][8.000000][7.000000][6.000000][5.000000][4.000000][3.000000][2.000000][1.000000][0.000000][-1.000000][-2.000000][-3.000000]
[3.000000][4.000000][5.000000][6.000000][7.000000][8.000000][7.000000][6.000000][5.000000][4.000000][3.000000][2.000000][1.000000][0.000000][-1.000000][-2.000000]
[2.000000][3.000000][4.000000][5.000000][6.000000][7.000000][8.000000][7.000000][6.000000][5.000000][4.000000][3.000000][2.000000][1.000000][0.000000][-1.000000]
[1.000000][2.000000][3.000000][4.000000][5.000000][6.000000][7.000000][8.000000][7.000000][6.000000][5.000000][4.000000][3.000000][2.000000][1.000000][0.000000]
[0.000000][1.000000][2.000000][3.000000][4.000000][5.000000][6.000000][7.000000][8.000000][7.000000][6.000000][5.000000][4.000000][3.000000][2.000000][1.000000]
[-1.000000][0.000000][1.000000][2.000000][3.000000][4.000000][5.000000][6.000000][7.000000][8.000000][7.000000][6.000000][5.000000][4.000000][3.000000][2.000000]
[-2.000000][-1.000000][0.000000][1.000000][2.000000][3.000000][4.000000][5.000000][6.000000][7.000000][8.000000][7.000000][6.000000][5.000000][4.000000][3.000000]
[-3.000000][-2.000000][-1.000000][0.000000][1.000000][2.000000][3.000000][4.000000][5.000000][6.000000][7.000000][8.000000][7.000000][6.000000][5.000000][4.000000]
[-4.000000][-3.000000][-2.000000][-1.000000][0.000000][1.000000][2.000000][3.000000][4.000000][5.000000][6.000000][7.000000][8.000000][7.000000][6.000000][5.000000]
[-5.000000][-4.000000][-3.000000][-2.000000][-1.000000][0.000000][1.000000][2.000000][3.000000][4.000000][5.000000][6.000000][7.000000][8.000000][7.000000][6.000000]
[-6.000000][-5.000000][-4.000000][-3.000000][-2.000000][-1.000000][0.000000][1.000000][2.000000][3.000000][4.000000][5.000000][6.000000][7.000000][8.000000][7.000000]
[-7.000000][-6.000000][-5.000000][-4.000000][-3.000000][-2.000000][-1.000000][0.000000][1.000000][2.000000][3.000000][4.000000][5.000000][6.000000][7.000000][8.000000]
****** Finding Eigenvalues ******

******  Eigenvalues ******

[52.043510][0.000000][0.000000][-0.000000][-0.000000][-0.000000][-0.000000][0.000000][0.000000][0.000000][0.000000][-0.000000][-0.000000][0.000000][0.000000][0.000000]
[-0.000000][52.043472][0.000000][0.000000][-0.000000][0.000000][0.000000][0.000000][-0.000000][0.000000][-0.000000][-0.000000][0.000000][-0.000000][0.000000][-0.000000]
[-0.000000][0.000000][5.933657][-0.000000][-0.000000][-0.000000][0.000000][-0.000000][-0.000000][0.000000][-0.000000][0.000000][0.000000][0.000000][0.000000][-0.000000]
[-0.000000][0.000000][0.000001][5.933650][-0.000000][-0.000000][0.000000][-0.000000][-0.000000][0.000000][0.000000][-0.000000][0.000000][0.000000][-0.000000][-0.000000]
[-0.000000][-0.000000][-0.000000][-0.000000][2.250077][-0.000000][-0.000000][0.000000][0.000000][-0.000000][0.000000][-0.000000][-0.000000][-0.000000][-0.000000][0.000000]
[-0.000001][-0.000001][-0.000000][-0.000000][-0.000000][2.250075][0.000000][0.000000][0.000000][0.000000][-0.000000][-0.000000][0.000000][0.000000][-0.000000][0.000000]
[0.000000][0.000001][0.000000][-0.000000][-0.000000][0.000000][1.242377][-0.000000][-0.000000][-0.000000][-0.000000][0.000000][0.000000][0.000000][-0.000000][-0.000000]
[0.000000][-0.000000][0.000000][0.000000][0.000000][0.000000][-0.000000][1.242375][-0.000000][-0.000000][0.000000][0.000000][-0.000000][0.000000][0.000000][0.000000]
[-0.000001][-0.000002][-0.000000][0.000000][0.000000][-0.000000][0.000000][-0.000000][0.836758][0.000000][0.000000][-0.000000][0.000000][0.000000][0.000000][-0.000000]
[-0.000000][-0.000000][-0.000000][0.000000][0.000000][-0.000000][0.000000][-0.000000][-0.000000][0.836757][-0.000000][0.000000][-0.000000][-0.000000][-0.000000][0.000000]
[-0.000000][0.000001][-0.000000][-0.000000][0.000000][-0.000000][-0.000000][0.000000][-0.000000][-0.000000][0.642852][0.000000][-0.000000][0.000000][-0.000000][0.000000]
[0.000000][-0.000002][-0.000000][0.000000][-0.000000][-0.000000][0.000000][-0.000000][-0.000000][0.000000][0.000000][0.642851][-0.000000][-0.000000][0.000000][-0.000000]
[0.000000][-0.000001][-0.000000][0.000000][-0.000000][-0.000000][-0.000000][0.000000][0.000000][0.000000][0.000000][0.000000][0.546010][-0.000000][-0.000000][-0.000000]
[-0.000000][0.000001][-0.000000][0.000000][-0.000000][-0.000000][-0.000000][0.000000][-0.000000][-0.000000][-0.000000][-0.000000][0.000000][0.546010][0.000000][0.000000]
[-0.000000][-0.000000][-0.000000][0.000000][-0.000000][-0.000000][-0.000000][0.000000][-0.000000][-0.000000][-0.000000][0.000000][-0.000000][-0.000000][0.504851][0.000000]
[0.000001][0.000001][0.000000][0.000000][-0.000000][-0.000000][0.000000][0.000000][-0.000000][-0.000000][0.000000][-0.000000][-0.000000][0.000000][-0.000000][0.504850]
eigenvalue   1, =    52.043510
eigenvector:
    0.353550    0.001631    0.294668    0.195374    0.331058
    0.124098   -0.322494    0.144904    0.070340   -0.346487
   -0.116706   -0.333736   -0.240509    0.259137    0.028761
    0.352387
eigenvalue   2, =    52.043472
eigenvector:
    0.346438    0.070574    0.136463    0.326156    0.287110
   -0.206320   -0.205036   -0.288028    0.326105    0.136585
   -0.212653    0.282449    0.056002   -0.349083   -0.096956
   -0.340008
eigenvalue   3, =     5.933657
eigenvector:
    0.326013    0.136805   -0.067738    0.347004   -0.012039
   -0.353348    0.242493   -0.257286   -0.197579    0.293194
    0.352992    0.019895    0.147382    0.321364    0.161425
    0.314561
eigenvalue   4, =     5.933650
eigenvector:
    0.293060    0.197778   -0.249107    0.250890   -0.300487
   -0.186301    0.299653    0.187639   -0.249014   -0.250982
   -0.179568   -0.304556   -0.301088   -0.185322   -0.219689
   -0.277020
eigenvalue   5, =     2.250077
eigenvector:
    0.248844    0.251151   -0.346512    0.070211   -0.321844
    0.146343   -0.125576    0.330501    0.294739   -0.195266
   -0.153469    0.318509    0.353308   -0.013186    0.269509
    0.228833
eigenvalue   6, =     2.250075
eigenvector:
    0.195065    0.294872   -0.327122   -0.134133   -0.057128
    0.348908   -0.348650   -0.058684    0.134012    0.327171
    0.350094   -0.049352   -0.286441    0.207251   -0.308971
   -0.171853
eigenvalue   7, =     1.242377
eigenvector:
    0.133790    0.327262   -0.197471   -0.293266    0.258368
    0.241342   -0.010460   -0.353399   -0.347030    0.067609
   -0.235536   -0.263672    0.123027   -0.331462    0.336562
    0.108272
eigenvalue   8, =     1.242375
eigenvector:
    0.067374    0.347075   -0.001261   -0.353551    0.344211
   -0.080743    0.344568   -0.079205    0.001393   -0.353549
   -0.088378    0.342328    0.081854    0.343952   -0.351220
   -0.040533
eigenvalue   9, =     0.836758
eigenvector:
   -0.001631    0.353550    0.195374   -0.294667    0.124098
   -0.331059    0.144904    0.322495    0.346486    0.070339
    0.333737   -0.116702   -0.259146   -0.240510    0.352380
   -0.028763
eigenvalue  10, =     0.836757
eigenvector:
   -0.070574    0.346438    0.326156   -0.136463   -0.206320
   -0.287110   -0.288029    0.205036   -0.136585    0.326105
   -0.282451   -0.212656    0.349090    0.056002   -0.339998
    0.096954
eigenvalue  11, =     0.642852
eigenvector:
   -0.136805    0.326013    0.347004    0.067738   -0.353348
    0.012039   -0.257287   -0.242495   -0.293194   -0.197580
   -0.019894    0.352994   -0.321371    0.147382    0.314551
   -0.161419
eigenvalue  12, =     0.642851
eigenvector:
   -0.197778    0.293060    0.250890    0.249107   -0.186300
    0.300487    0.187640   -0.299652    0.250984   -0.249013
    0.304556   -0.179571    0.185331   -0.301089   -0.277018
    0.219681
eigenvalue  13, =     0.546010
eigenvector:
   -0.251151    0.248844    0.070211    0.346512    0.146343
    0.321844    0.330501    0.125576    0.195264    0.294740
   -0.318510   -0.153466    0.013176    0.353311    0.228838
   -0.269502
eigenvalue  14, =     0.546010
eigenvector:
   -0.294872    0.195065   -0.134133    0.327121    0.348908
    0.057127   -0.058685    0.348649   -0.327172    0.134011
    0.049353    0.350093   -0.207243   -0.286448   -0.171863
    0.308967
eigenvalue  15, =     0.504851
eigenvector:
   -0.327262    0.133790   -0.293267    0.197471    0.241342
   -0.258368   -0.353398    0.010460   -0.067609   -0.347029
    0.263672   -0.235537    0.331456    0.123036    0.108282
   -0.336561
eigenvalue  16, =     0.504850
eigenvector:
   -0.347075    0.067374   -0.353551    0.001261   -0.080742
   -0.344210   -0.079205   -0.344568    0.353551    0.001393
   -0.342330   -0.088376   -0.343948    0.081845   -0.040540
    0.351223
Rotations: 476
Total time:0.693325 sec
