
[-2.000000][-1.000000][0.000000][1.000000][2.000000]
[-1.000000][-1.000000][0.000000][1.000000][2.000000]
[0.000000][0.000000][0.000000][1.000000][2.000000]
[1.000000][1.000000][1.000000][1.000000][2.000000]
[2.000000][2.000000][2.000000][2.000000][2.000000]
****** Finding Eigenvalues ******

******  Eigenvalues ******

[5.630342][-0.000000][0.000000][0.000000][-0.000000]
[-0.000000][-0.277601][0.000000][-0.000000][0.000000]
[0.000000][-0.000000][-0.390448][0.000000][0.000000]
[-0.000000][-0.000000][0.000000][-0.784438][-0.000000]
[0.000000][0.000000][-0.000000][0.000000][-4.177853]
eigenvalue   1, =     5.630342
eigenvector:
    0.220203   -0.201669   -0.385250   -0.537812   -0.687882

eigenvalue   2, =    -0.277601
eigenvector:
    0.259313    0.524800    0.601439    0.147790   -0.523232

eigenvalue   3, =    -0.390448
eigenvector:
    0.344480   -0.639214    0.047745    0.644990   -0.233343

eigenvalue   4, =    -0.784438
eigenvector:
    0.490829    0.499406   -0.628232    0.319957    0.112399

eigenvalue   5, =    -4.177853
eigenvector:
    0.724354   -0.160980    0.304795   -0.412956    0.431237

Rotations: 32
Total time:0.667437 sec
