
[5.000000][4.000000][3.000000][2.000000][1.000000][0.000000][-1.000000][-2.000000][-3.000000][-4.000000]
[4.000000][5.000000][4.000000][3.000000][2.000000][1.000000][0.000000][-1.000000][-2.000000][-3.000000]
[3.000000][4.000000][5.000000][4.000000][3.000000][2.000000][1.000000][0.000000][-1.000000][-2.000000]
[2.000000][3.000000][4.000000][5.000000][4.000000][3.000000][2.000000][1.000000][0.000000][-1.000000]
[1.000000][2.000000][3.000000][4.000000][5.000000][4.000000][3.000000][2.000000][1.000000][0.000000]
[0.000000][1.000000][2.000000][3.000000][4.000000][5.000000][4.000000][3.000000][2.000000][1.000000]
[-1.000000][0.000000][1.000000][2.000000][3.000000][4.000000][5.000000][4.000000][3.000000][2.000000]
[-2.000000][-1.000000][0.000000][1.000000][2.000000][3.000000][4.000000][5.000000][4.000000][3.000000]
[-3.000000][-2.000000][-1.000000][0.000000][1.000000][2.000000][3.000000][4.000000][5.000000][4.000000]
[-4.000000][-3.000000][-2.000000][-1.000000][0.000000][1.000000][2.000000][3.000000][4.000000][5.000000]
****** Finding Eigenvalues ******

******  Eigenvalues ******

[20.431728][0.000000][0.000001][-0.000129][-0.000019][-0.000027][-0.000205][0.000285][0.000166][0.000083]
[-0.000000][20.431734][-0.000226][-0.000001][-0.000010][-0.000019][0.000273][0.000204][0.000075][0.000098]
[0.000001][-0.000224][2.425922][0.000000][0.000087][-0.000150][0.000287][-0.000232][-0.000132][0.000111]
[-0.000129][-0.000001][0.000000][2.425922][0.000128][0.000066][-0.000104][0.000135][-0.000204][-0.000134]
[-0.000019][-0.000010][0.000087][0.000128][1.055556][0.000001][0.000294][-0.000294][-0.000001][0.000001]
[-0.000027][-0.000020][-0.000150][0.000066][0.000001][1.055556][0.000294][0.000294][0.000001][-0.000002]
[-0.000205][0.000273][0.000287][-0.000104][0.000294][0.000294][0.651730][0.000003][0.000294][-0.000294]
[0.000285][0.000204][-0.000232][0.000134][-0.000294][0.000294][0.000003][0.651353][0.000294][0.000294]
[0.000166][0.000074][-0.000132][-0.000204][-0.000001][0.000001][0.000295][0.000294][0.513790][0.000000]
[0.000083][0.000099][0.000111][-0.000134][0.000001][-0.000001][-0.000294][0.000294][0.000000][0.513794]
eigenvalue   1, =    20.431728
eigenvector:
    0.443527   -0.057242    0.413114    0.171357   -0.254911
   -0.375766   -0.269511    0.363858   -0.198007    0.402889

eigenvalue   2, =    20.431734
eigenvector:
    0.439526    0.082625    0.104120    0.434888    0.375543
   -0.255111   -0.136968   -0.432522    0.063125   -0.443769

eigenvalue   3, =     2.425922
eigenvector:
    0.392478    0.214378   -0.290666    0.339923    0.255226
    0.375329    0.431375    0.143509    0.076902    0.440672

eigenvalue   4, =     2.425922
eigenvector:
    0.307012    0.325178   -0.445668   -0.035392   -0.375198
    0.255712   -0.370322    0.264890   -0.208540   -0.394993

eigenvalue   5, =     1.055556
eigenvector:
    0.191503    0.404135   -0.233556   -0.381298   -0.256002
   -0.375494    0.003982   -0.455164    0.319723    0.311568

eigenvalue   6, =     1.055556
eigenvector:
    0.057247    0.443532    0.171256   -0.413159    0.375522
   -0.256005    0.365090    0.271083   -0.400123   -0.198312

eigenvalue   7, =     0.651730
eigenvector:
   -0.082626    0.439525    0.435040   -0.104206    0.255954
    0.375948   -0.433246    0.134890    0.442443    0.065637

eigenvalue   8, =     0.651353
eigenvector:
   -0.214377    0.392483    0.339850    0.290638   -0.376124
    0.255542    0.145552   -0.428913   -0.441975    0.074449

eigenvalue   9, =     0.513790
eigenvector:
   -0.325181    0.307007   -0.035297    0.445880   -0.255340
   -0.376091    0.261338    0.369275    0.397628   -0.208144

eigenvalue  10, =     0.513794
eigenvector:
   -0.404138    0.191505   -0.381457    0.233417    0.376047
   -0.255081   -0.452443   -0.004899   -0.313523    0.321540

Rotations: 1000001
Total time:83.085161 sec
