
[5.000000][4.000000][3.000000][2.000000][1.000000][0.000000][-1.000000][-2.000000][-3.000000][-4.000000]
[4.000000][5.000000][4.000000][3.000000][2.000000][1.000000][0.000000][-1.000000][-2.000000][-3.000000]
[3.000000][4.000000][5.000000][4.000000][3.000000][2.000000][1.000000][0.000000][-1.000000][-2.000000]
[2.000000][3.000000][4.000000][5.000000][4.000000][3.000000][2.000000][1.000000][0.000000][-1.000000]
[1.000000][2.000000][3.000000][4.000000][5.000000][4.000000][3.000000][2.000000][1.000000][0.000000]
[0.000000][1.000000][2.000000][3.000000][4.000000][5.000000][4.000000][3.000000][2.000000][1.000000]
[-1.000000][0.000000][1.000000][2.000000][3.000000][4.000000][5.000000][4.000000][3.000000][2.000000]
[-2.000000][-1.000000][0.000000][1.000000][2.000000][3.000000][4.000000][5.000000][4.000000][3.000000]
[-3.000000][-2.000000][-1.000000][0.000000][1.000000][2.000000][3.000000][4.000000][5.000000][4.000000]
[-4.000000][-3.000000][-2.000000][-1.000000][0.000000][1.000000][2.000000][3.000000][4.000000][5.000000]
****** Finding Eigenvalues ******

******  Eigenvalues ******

[20.431740][-0.000000][0.000027][0.000001][-0.000007][-0.000027][0.000108][0.000228][0.000017][0.000045]
[0.000000][20.431759][0.000006][-0.000007][0.000004][0.000009][-0.000120][0.000032][0.000156][0.000030]
[0.000027][0.000007][2.425924][-0.000001][0.000099][-0.000046][-0.000171][-0.000293][-0.000095][0.000151]
[0.000001][-0.000008][-0.000001][2.425922][-0.000220][-0.000258][-0.000183][-0.000135][-0.000100][0.000218]
[-0.000008][0.000003][0.000099][-0.000220][1.055556][0.000000][-0.000295][0.000295][-0.000000][-0.000001]
[-0.000027][0.000010][-0.000046][-0.000257][-0.000000][1.055556][0.000295][0.000295][-0.000002][-0.000000]
[0.000107][-0.000119][-0.000171][-0.000183][-0.000295][0.000295][0.649706][0.000006][-0.000295][0.000295]
[0.000228][0.000032][-0.000293][-0.000135][0.000295][0.000295][0.000006][0.649610][0.000295][-0.000295]
[0.000017][0.000156][-0.000095][-0.000100][-0.000000][-0.000002][-0.000295][0.000295][0.514042][-0.000001]
[0.000045][0.000030][0.000151][0.000218][-0.000001][-0.000000][0.000295][-0.000295][-0.000001][0.514053]
eigenvalue   1, =    20.431740
eigenvector:
    0.441202   -0.073038    0.401491    0.197201   -0.339842
    0.299648    0.219611    0.397772    0.128493    0.428703

eigenvalue   2, =    20.431759
eigenvector:
    0.442190    0.066883    0.076367    0.440761    0.300496
    0.339768    0.192078   -0.411002   -0.255812   -0.367084

eigenvalue   3, =     2.425924
eigenvector:
    0.399877    0.200243   -0.311645    0.320761    0.339218
   -0.299930   -0.445275    0.086455    0.356960    0.270644

eigenvalue   4, =     2.425922
eigenvector:
    0.318420    0.314022   -0.442605   -0.063554   -0.300167
   -0.340150    0.331206    0.309745   -0.422389   -0.148534

eigenvalue   5, =     1.055556
eigenvector:
    0.205808    0.397043   -0.208836   -0.395467   -0.339222
    0.300450    0.056754   -0.451160    0.446538    0.011783

eigenvalue   6, =     1.055556
eigenvector:
    0.073037    0.441209    0.197149   -0.401348    0.299725
    0.339993   -0.398553    0.221746   -0.427667    0.126734

eigenvalue   7, =     0.649706
eigenvector:
   -0.066884    0.442184    0.440706   -0.076302    0.339954
   -0.300513    0.412042    0.190414    0.367986   -0.253915

eigenvalue   8, =     0.649610
eigenvector:
   -0.200245    0.399878    0.320699    0.311370   -0.299899
   -0.339374   -0.087990   -0.444337   -0.272600    0.356657

eigenvalue   9, =     0.514042
eigenvector:
   -0.314017    0.318422   -0.063395    0.442734   -0.340250
    0.300097   -0.307691    0.330503    0.149919   -0.423737

eigenvalue  10, =     0.514053
eigenvector:
   -0.397048    0.205805   -0.395454    0.208935    0.300302
    0.339249    0.449374    0.056786   -0.011575    0.448463

Rotations: 1000001
Total time:10.537837 sec
