
[16.000000][15.000000][14.000000][13.000000][12.000000][11.000000][10.000000][9.000000][8.000000][7.000000][6.000000][5.000000][4.000000][3.000000][2.000000][1.000000][0.000000][-1.000000][-2.000000][-3.000000][-4.000000][-5.000000][-6.000000][-7.000000][-8.000000][-9.000000][-10.000000][-11.000000][-12.000000][-13.000000][-14.000000][-15.000000]
[15.000000][16.000000][15.000000][14.000000][13.000000][12.000000][11.000000][10.000000][9.000000][8.000000][7.000000][6.000000][5.000000][4.000000][3.000000][2.000000][1.000000][0.000000][-1.000000][-2.000000][-3.000000][-4.000000][-5.000000][-6.000000][-7.000000][-8.000000][-9.000000][-10.000000][-11.000000][-12.000000][-13.000000][-14.000000]
[14.000000][15.000000][16.000000][15.000000][14.000000][13.000000][12.000000][11.000000][10.000000][9.000000][8.000000][7.000000][6.000000][5.000000][4.000000][3.000000][2.000000][1.000000][0.000000][-1.000000][-2.000000][-3.000000][-4.000000][-5.000000][-6.000000][-7.000000][-8.000000][-9.000000][-10.000000][-11.000000][-12.000000][-13.000000]
[13.000000][14.000000][15.000000][16.000000][15.000000][14.000000][13.000000][12.000000][11.000000][10.000000][9.000000][8.000000][7.000000][6.000000][5.000000][4.000000][3.000000][2.000000][1.000000][0.000000][-1.000000][-2.000000][-3.000000][-4.000000][-5.000000][-6.000000][-7.000000][-8.000000][-9.000000][-10.000000][-11.000000][-12.000000]
[12.000000][13.000000][14.000000][15.000000][16.000000][15.000000][14.000000][13.000000][12.000000][11.000000][10.000000][9.000000][8.000000][7.000000][6.000000][5.000000][4.000000][3.000000][2.000000][1.000000][0.000000][-1.000000][-2.000000][-3.000000][-4.000000][-5.000000][-6.000000][-7.000000][-8.000000][-9.000000][-10.000000][-11.000000]
[11.000000][12.000000][13.000000][14.000000][15.000000][16.000000][15.000000][14.000000][13.000000][12.000000][11.000000][10.000000][9.000000][8.000000][7.000000][6.000000][5.000000][4.000000][3.000000][2.000000][1.000000][0.000000][-1.000000][-2.000000][-3.000000][-4.000000][-5.000000][-6.000000][-7.000000][-8.000000][-9.000000][-10.000000]
[10.000000][11.000000][12.000000][13.000000][14.000000][15.000000][16.000000][15.000000][14.000000][13.000000][12.000000][11.000000][10.000000][9.000000][8.000000][7.000000][6.000000][5.000000][4.000000][3.000000][2.000000][1.000000][0.000000][-1.000000][-2.000000][-3.000000][-4.000000][-5.000000][-6.000000][-7.000000][-8.000000][-9.000000]
[9.000000][10.000000][11.000000][12.000000][13.000000][14.000000][15.000000][16.000000][15.000000][14.000000][13.000000][12.000000][11.000000][10.000000][9.000000][8.000000][7.000000][6.000000][5.000000][4.000000][3.000000][2.000000][1.000000][0.000000][-1.000000][-2.000000][-3.000000][-4.000000][-5.000000][-6.000000][-7.000000][-8.000000]
[8.000000][9.000000][10.000000][11.000000][12.000000][13.000000][14.000000][15.000000][16.000000][15.000000][14.000000][13.000000][12.000000][11.000000][10.000000][9.000000][8.000000][7.000000][6.000000][5.000000][4.000000][3.000000][2.000000][1.000000][0.000000][-1.000000][-2.000000][-3.000000][-4.000000][-5.000000][-6.000000][-7.000000]
[7.000000][8.000000][9.000000][10.000000][11.000000][12.000000][13.000000][14.000000][15.000000][16.000000][15.000000][14.000000][13.000000][12.000000][11.000000][10.000000][9.000000][8.000000][7.000000][6.000000][5.000000][4.000000][3.000000][2.000000][1.000000][0.000000][-1.000000][-2.000000][-3.000000][-4.000000][-5.000000][-6.000000]
[6.000000][7.000000][8.000000][9.000000][10.000000][11.000000][12.000000][13.000000][14.000000][15.000000][16.000000][15.000000][14.000000][13.000000][12.000000][11.000000][10.000000][9.000000][8.000000][7.000000][6.000000][5.000000][4.000000][3.000000][2.000000][1.000000][0.000000][-1.000000][-2.000000][-3.000000][-4.000000][-5.000000]
[5.000000][6.000000][7.000000][8.000000][9.000000][10.000000][11.000000][12.000000][13.000000][14.000000][15.000000][16.000000][15.000000][14.000000][13.000000][12.000000][11.000000][10.000000][9.000000][8.000000][7.000000][6.000000][5.000000][4.000000][3.000000][2.000000][1.000000][0.000000][-1.000000][-2.000000][-3.000000][-4.000000]
[4.000000][5.000000][6.000000][7.000000][8.000000][9.000000][10.000000][11.000000][12.000000][13.000000][14.000000][15.000000][16.000000][15.000000][14.000000][13.000000][12.000000][11.000000][10.000000][9.000000][8.000000][7.000000][6.000000][5.000000][4.000000][3.000000][2.000000][1.000000][0.000000][-1.000000][-2.000000][-3.000000]
[3.000000][4.000000][5.000000][6.000000][7.000000][8.000000][9.000000][10.000000][11.000000][12.000000][13.000000][14.000000][15.000000][16.000000][15.000000][14.000000][13.000000][12.000000][11.000000][10.000000][9.000000][8.000000][7.000000][6.000000][5.000000][4.000000][3.000000][2.000000][1.000000][0.000000][-1.000000][-2.000000]
[2.000000][3.000000][4.000000][5.000000][6.000000][7.000000][8.000000][9.000000][10.000000][11.000000][12.000000][13.000000][14.000000][15.000000][16.000000][15.000000][14.000000][13.000000][12.000000][11.000000][10.000000][9.000000][8.000000][7.000000][6.000000][5.000000][4.000000][3.000000][2.000000][1.000000][0.000000][-1.000000]
[1.000000][2.000000][3.000000][4.000000][5.000000][6.000000][7.000000][8.000000][9.000000][10.000000][11.000000][12.000000][13.000000][14.000000][15.000000][16.000000][15.000000][14.000000][13.000000][12.000000][11.000000][10.000000][9.000000][8.000000][7.000000][6.000000][5.000000][4.000000][3.000000][2.000000][1.000000][0.000000]
[0.000000][1.000000][2.000000][3.000000][4.000000][5.000000][6.000000][7.000000][8.000000][9.000000][10.000000][11.000000][12.000000][13.000000][14.000000][15.000000][16.000000][15.000000][14.000000][13.000000][12.000000][11.000000][10.000000][9.000000][8.000000][7.000000][6.000000][5.000000][4.000000][3.000000][2.000000][1.000000]
[-1.000000][0.000000][1.000000][2.000000][3.000000][4.000000][5.000000][6.000000][7.000000][8.000000][9.000000][10.000000][11.000000][12.000000][13.000000][14.000000][15.000000][16.000000][15.000000][14.000000][13.000000][12.000000][11.000000][10.000000][9.000000][8.000000][7.000000][6.000000][5.000000][4.000000][3.000000][2.000000]
[-2.000000][-1.000000][0.000000][1.000000][2.000000][3.000000][4.000000][5.000000][6.000000][7.000000][8.000000][9.000000][10.000000][11.000000][12.000000][13.000000][14.000000][15.000000][16.000000][15.000000][14.000000][13.000000][12.000000][11.000000][10.000000][9.000000][8.000000][7.000000][6.000000][5.000000][4.000000][3.000000]
[-3.000000][-2.000000][-1.000000][0.000000][1.000000][2.000000][3.000000][4.000000][5.000000][6.000000][7.000000][8.000000][9.000000][10.000000][11.000000][12.000000][13.000000][14.000000][15.000000][16.000000][15.000000][14.000000][13.000000][12.000000][11.000000][10.000000][9.000000][8.000000][7.000000][6.000000][5.000000][4.000000]
[-4.000000][-3.000000][-2.000000][-1.000000][0.000000][1.000000][2.000000][3.000000][4.000000][5.000000][6.000000][7.000000][8.000000][9.000000][10.000000][11.000000][12.000000][13.000000][14.000000][15.000000][16.000000][15.000000][14.000000][13.000000][12.000000][11.000000][10.000000][9.000000][8.000000][7.000000][6.000000][5.000000]
[-5.000000][-4.000000][-3.000000][-2.000000][-1.000000][0.000000][1.000000][2.000000][3.000000][4.000000][5.000000][6.000000][7.000000][8.000000][9.000000][10.000000][11.000000][12.000000][13.000000][14.000000][15.000000][16.000000][15.000000][14.000000][13.000000][12.000000][11.000000][10.000000][9.000000][8.000000][7.000000][6.000000]
[-6.000000][-5.000000][-4.000000][-3.000000][-2.000000][-1.000000][0.000000][1.000000][2.000000][3.000000][4.000000][5.000000][6.000000][7.000000][8.000000][9.000000][10.000000][11.000000][12.000000][13.000000][14.000000][15.000000][16.000000][15.000000][14.000000][13.000000][12.000000][11.000000][10.000000][9.000000][8.000000][7.000000]
[-7.000000][-6.000000][-5.000000][-4.000000][-3.000000][-2.000000][-1.000000][0.000000][1.000000][2.000000][3.000000][4.000000][5.000000][6.000000][7.000000][8.000000][9.000000][10.000000][11.000000][12.000000][13.000000][14.000000][15.000000][16.000000][15.000000][14.000000][13.000000][12.000000][11.000000][10.000000][9.000000][8.000000]
[-8.000000][-7.000000][-6.000000][-5.000000][-4.000000][-3.000000][-2.000000][-1.000000][0.000000][1.000000][2.000000][3.000000][4.000000][5.000000][6.000000][7.000000][8.000000][9.000000][10.000000][11.000000][12.000000][13.000000][14.000000][15.000000][16.000000][15.000000][14.000000][13.000000][12.000000][11.000000][10.000000][9.000000]
[-9.000000][-8.000000][-7.000000][-6.000000][-5.000000][-4.000000][-3.000000][-2.000000][-1.000000][0.000000][1.000000][2.000000][3.000000][4.000000][5.000000][6.000000][7.000000][8.000000][9.000000][10.000000][11.000000][12.000000][13.000000][14.000000][15.000000][16.000000][15.000000][14.000000][13.000000][12.000000][11.000000][10.000000]
[-10.000000][-9.000000][-8.000000][-7.000000][-6.000000][-5.000000][-4.000000][-3.000000][-2.000000][-1.000000][0.000000][1.000000][2.000000][3.000000][4.000000][5.000000][6.000000][7.000000][8.000000][9.000000][10.000000][11.000000][12.000000][13.000000][14.000000][15.000000][16.000000][15.000000][14.000000][13.000000][12.000000][11.000000]
[-11.000000][-10.000000][-9.000000][-8.000000][-7.000000][-6.000000][-5.000000][-4.000000][-3.000000][-2.000000][-1.000000][0.000000][1.000000][2.000000][3.000000][4.000000][5.000000][6.000000][7.000000][8.000000][9.000000][10.000000][11.000000][12.000000][13.000000][14.000000][15.000000][16.000000][15.000000][14.000000][13.000000][12.000000]
[-12.000000][-11.000000][-10.000000][-9.000000][-8.000000][-7.000000][-6.000000][-5.000000][-4.000000][-3.000000][-2.000000][-1.000000][0.000000][1.000000][2.000000][3.000000][4.000000][5.000000][6.000000][7.000000][8.000000][9.000000][10.000000][11.000000][12.000000][13.000000][14.000000][15.000000][16.000000][15.000000][14.000000][13.000000]
[-13.000000][-12.000000][-11.000000][-10.000000][-9.000000][-8.000000][-7.000000][-6.000000][-5.000000][-4.000000][-3.000000][-2.000000][-1.000000][0.000000][1.000000][2.000000][3.000000][4.000000][5.000000][6.000000][7.000000][8.000000][9.000000][10.000000][11.000000][12.000000][13.000000][14.000000][15.000000][16.000000][15.000000][14.000000]
[-14.000000][-13.000000][-12.000000][-11.000000][-10.000000][-9.000000][-8.000000][-7.000000][-6.000000][-5.000000][-4.000000][-3.000000][-2.000000][-1.000000][0.000000][1.000000][2.000000][3.000000][4.000000][5.000000][6.000000][7.000000][8.000000][9.000000][10.000000][11.000000][12.000000][13.000000][14.000000][15.000000][16.000000][15.000000]
[-15.000000][-14.000000][-13.000000][-12.000000][-11.000000][-10.000000][-9.000000][-8.000000][-7.000000][-6.000000][-5.000000][-4.000000][-3.000000][-2.000000][-1.000000][0.000000][1.000000][2.000000][3.000000][4.000000][5.000000][6.000000][7.000000][8.000000][9.000000][10.000000][11.000000][12.000000][13.000000][14.000000][15.000000][16.000000]
****** Finding Eigenvalues ******

******  Eigenvalues ******

[207.672928][0.000002][-0.000006][0.000988][0.000064][0.000023][0.000001][0.000028][0.000006][0.000303][0.001021][0.000077][-0.000186][0.000062][0.000045][-0.000003][-0.000458][-0.000019][-0.000193][-0.000679][-0.000168][0.000001][-0.000196][0.000137][0.000298][-0.001056][-0.000862][0.000138][-0.000770][-0.000042][0.000410][0.000056]
[0.000001][207.672913][0.000003][0.000006][-0.000244][0.000005][0.000003][0.000041][0.000007][-0.000207][0.000007][-0.000566][-0.000071][-0.000647][-0.000101][0.000052][-0.000023][0.000136][0.000039][0.000848][-0.000075][0.000053][0.000818][-0.000131][0.000309][0.000859][0.000892][0.000662][-0.000027][-0.000084][-0.000031][-0.000774]
[-0.000004][0.000005][23.223640][-0.000004][0.000515][-0.000234][0.000148][0.000612][-0.000056][-0.000024][-0.000446][-0.000012][-0.000622][-0.000039][0.000248][-0.000041][0.000055][-0.000112][-0.000047][-0.000282][-0.000031][-0.000020][0.000109][-0.000021][-0.000229][0.000514][-0.000470][-0.000240][-0.000260][-0.000117][-0.000120][0.000897]
[0.000989][0.000009][-0.000003][23.223623][-0.000048][0.000594][-0.000382][0.000205][-0.000047][0.000048][-0.000031][-0.000060][-0.000549][0.000027][-0.000042][-0.000033][0.000067][-0.000193][0.000052][0.000015][-0.000271][-0.000639][-0.000035][0.000554][0.000029][0.000495][-0.000224][-0.000266][-0.000020][-0.001151][-0.000060][-0.000196]
[0.000064][-0.000250][0.000514][-0.000046][8.468954][-0.000002][-0.000016][-0.000039][-0.000508][-0.000105][-0.000781][0.000065][-0.000076][0.000473][0.000319][-0.000485][0.000959][-0.000113][0.000968][-0.000068][-0.000151][0.000225][-0.000310][0.000467][0.000070][-0.000280][0.000178][0.000718][0.000718][0.000193][-0.000055][0.000400]
[0.000025][0.000006][-0.000233][0.000595][-0.000002][8.468962][-0.000023][0.000023][-0.001129][0.000560][0.000259][0.000425][0.000065][0.000017][-0.000237][-0.000265][0.000070][-0.000526][0.000332][0.000232][-0.000347][-0.000136][0.000295][-0.000856][0.000347][0.000533][-0.000331][0.000472][0.000322][-0.000078][0.000257][0.000347]
[0.000001][0.000007][0.000150][-0.000384][-0.000016][-0.000023][4.405503][-0.000000][-0.000334][-0.000880][0.000207][-0.000431][0.000231][0.000864][-0.000432][0.000086][0.000153][-0.000620][-0.000244][0.001097][-0.000137][0.000593][0.000309][0.000203][0.000756][0.000365][0.000926][0.000142][-0.000341][-0.000684][0.000763][0.000884]
[0.000030][0.000042][0.000614][0.000207][-0.000039][0.000025][-0.000000][4.405498][0.001048][-0.001078][-0.000435][-0.000337][0.000732][0.000378][0.000849][-0.000585][0.000667][-0.000502][-0.000274][-0.000140][-0.001058][-0.000235][-0.000570][0.000590][0.000930][-0.000205][-0.000702][0.000100][-0.000269][-0.000911][-0.000392][-0.000124]
[0.000005][0.000001][-0.000059][-0.000045][-0.000509][-0.001131][-0.000334][0.001047][2.757466][-0.000008][0.001152][0.001152][-0.000005][0.000000][-0.000093][0.000310][-0.000015][0.000540][0.000410][0.000471][-0.000351][0.000728][0.000166][-0.000064][0.000073][-0.000077][0.000082][0.000679][0.000009][-0.000722][0.000161][0.000418]
[0.000302][-0.000203][-0.000024][0.000047][-0.000105][0.000560][-0.000881][-0.001079][-0.000008][2.758827][0.001152][-0.001152][-0.000006][0.000006][0.000174][-0.000937][0.000008][0.000597][0.000738][0.000769][0.000078][-0.000187][0.000160][-0.000899][0.000679][-0.000499][-0.000308][0.000425][0.000448][-0.000993][-0.000095][0.000572]
[0.001023][0.000002][-0.000447][-0.000028][-0.000781][0.000258][0.000207][-0.000435][0.001152][0.001152][1.913355][-0.000024][-0.001152][0.001152][0.000014][0.000001][0.000911][0.000581][0.000086][0.000034][-0.000012][0.000681][-0.000068][0.001044][0.000166][0.000549][-0.000497][0.000023][0.000001][-0.000506][-0.000054][-0.000892]
[0.000076][-0.000564][-0.000012][-0.000061][0.000063][0.000425][-0.000430][-0.000338][0.001152][-0.001153][-0.000022][1.918814][0.001152][-0.001152][0.000000][0.000017][-0.000012][0.000306][-0.000032][0.000005][0.000008][0.000183][-0.000076][0.000702][-0.000030][0.000028][0.000239][0.000003][0.000004][-0.000217][-0.000009][0.000766]
[-0.000187][-0.000067][-0.000622][-0.000550][-0.000076][0.000064][0.000231][0.000731][-0.000005][-0.000007][-0.001152][0.001152][1.423503][-0.000013][-0.001152][-0.001152][-0.000020][0.000010][0.000119][0.001152][0.000003][-0.000016][-0.000000][0.000514][-0.000013][-0.000020][0.000029][-0.000032][-0.000140][0.000013][0.000029][0.000237]
[0.000063][-0.000644][-0.000037][0.000026][0.000473][0.000017][0.000864][0.000377][-0.000001][0.000006][0.001153][-0.001153][-0.000014][1.425973][-0.001151][-0.001151][-0.000011][-0.000015][-0.000002][0.000019][0.001150][-0.000241][0.000050][0.000891][-0.000078][-0.000075][0.000578][0.000487][-0.001152][-0.000063][0.000016][0.000101]
[0.000046][-0.000096][0.000248][-0.000043][0.000319][-0.000238][-0.000433][0.000849][-0.000094][0.000174][0.000014][-0.000000][-0.001152][-0.001151][1.115312][0.000010][-0.001152][-0.001152][-0.000021][-0.000031][-0.000168][0.000027][0.001140][-0.000032][-0.001141][-0.000094][-0.000136][-0.000210][0.000518][0.000246][0.001130][0.000069]
[-0.000004][0.000056][-0.000041][-0.000034][-0.000483][-0.000266][0.000085][-0.000585][0.000309][-0.000938][0.000000][0.000017][-0.001152][-0.001151][0.000010][1.113388][-0.001052][0.001152][-0.000012][-0.000033][0.000498][-0.000495][-0.000561][-0.000004][-0.001152][0.000041][0.000487][0.000051][0.000495][0.000000][-0.000147][-0.000034]
[-0.000459][-0.000034][0.000052][0.000069][0.000958][0.000070][0.000154][0.000667][-0.000015][0.000009][0.000911][-0.000012][-0.000020][-0.000011][-0.001152][-0.001051][0.913878][-0.000005][-0.001151][0.001152][0.000011][-0.000070][-0.000669][0.000947][0.000720][-0.001123][-0.000023][-0.000113][-0.000100][-0.000068][0.000319][-0.000033]
[-0.000020][0.000143][-0.000111][-0.000195][-0.000112][-0.000525][-0.000619][-0.000501][0.000540][0.000597][0.000582][0.000306][0.000009][-0.000015][-0.001152][0.001152][-0.000005][0.911920][-0.001152][0.001148][-0.000062][-0.000041][-0.000176][0.001147][0.000040][-0.001144][-0.000004][0.000086][-0.000109][-0.000226][0.000003][-0.000277]
[-0.000192][0.000050][-0.000047][0.000053][0.000969][0.000333][-0.000243][-0.000274][0.000410][0.000737][0.000087][-0.000032][0.000118][-0.000003][-0.000021][-0.000012][-0.001151][-0.001152][0.775231][0.000023][-0.001152][0.001152][0.000013][-0.000353][-0.000021][0.000157][0.000862][-0.001133][-0.000016][0.000034][-0.000015][-0.000043]
[-0.000677][0.000841][-0.000282][0.000017][-0.000068][0.000231][0.001096][-0.000139][0.000471][0.000769][0.000034][0.000005][0.001151][0.000019][-0.000030][-0.000033][0.001153][0.001148][0.000024][0.776506][0.001147][-0.001152][0.000039][0.000641][-0.000002][0.000023][-0.001113][0.001113][0.000036][-0.000070][0.000034][-0.000059]
[-0.000167][-0.000086][-0.000032][-0.000271][-0.000151][-0.000348][-0.000138][-0.001058][-0.000351][0.000078][-0.000012][0.000009][0.000003][0.001148][-0.000168][0.000498][0.000011][-0.000062][-0.001152][0.001147][0.681113][-0.000002][0.001147][-0.000097][-0.001152][-0.000097][-0.000889][-0.000234][-0.000681][0.000304][0.001083][-0.000099]
[0.000001][0.000069][-0.000020][-0.000639][0.000225][-0.000136][0.000593][-0.000234][0.000729][-0.000188][0.000681][0.000183][-0.000017][-0.000241][0.000026][-0.000495][-0.000070][-0.000040][0.001152][-0.001152][-0.000002][0.679636][0.001152][0.000013][0.001151][0.000043][0.000411][-0.000170][0.001121][-0.000310][-0.000986][-0.001143]
[-0.000195][0.000819][0.000108][-0.000034][-0.000310][0.000295][0.000310][-0.000568][0.000167][0.000160][-0.000068][-0.000075][-0.000001][0.000050][0.001140][-0.000561][-0.000669][-0.000176][0.000013][0.000040][0.001147][0.001152][0.614183][0.001148][-0.000006][-0.001150][-0.000039][-0.000185][0.000937][0.000571][0.000079][0.000046]
[0.000137][-0.000125][-0.000022][0.000555][0.000466][-0.000855][0.000203][0.000590][-0.000064][-0.000899][0.001044][0.000701][0.000514][0.000891][-0.000033][-0.000004][0.000947][0.001147][-0.000353][0.000641][-0.000097][0.000014][0.001148][0.564313][0.000725][-0.000020][0.001151][-0.001152][-0.000071][0.000054][0.000142][-0.000051]
[0.000298][0.000289][-0.000231][0.000030][0.000070][0.000348][0.000755][0.000930][0.000074][0.000678][0.000166][-0.000030][-0.000013][-0.000078][-0.001140][-0.001152][0.000720][0.000040][-0.000021][-0.000002][-0.001152][0.001151][-0.000006][0.000725][0.615158][0.001150][0.000071][-0.000154][-0.000188][0.000923][-0.001071][0.000252]
[-0.001055][0.000837][0.000512][0.000498][-0.000280][0.000533][0.000365][-0.000204][-0.000076][-0.000499][0.000549][0.000028][-0.000021][-0.000075][-0.000094][0.000041][-0.001123][-0.001143][0.000157][0.000023][-0.000097][0.000043][-0.001150][-0.000020][0.001150][0.564552][-0.001147][-0.001132][-0.000028][0.000057][0.000183][-0.000223]
[-0.000863][0.000876][-0.000472][-0.000223][0.000177][-0.000331][0.000926][-0.000702][0.000082][-0.000309][-0.000497][0.000240][0.000029][0.000577][-0.000136][0.000487][-0.000024][-0.000004][0.000862][-0.001114][-0.000889][0.000410][-0.000039][0.001151][0.000071][-0.001147][0.531403][0.000205][0.001146][0.001037][-0.000470][-0.001033]
[0.000138][0.000659][-0.000241][-0.000264][0.000716][0.000472][0.000142][0.000100][0.000679][0.000425][0.000023][0.000004][-0.000033][0.000486][-0.000209][0.000051][-0.000112][0.000085][-0.001133][0.001113][-0.000234][-0.000170][-0.000185][-0.001152][-0.000154][-0.001133][0.000205][0.532197][-0.001137][-0.001078][0.000438][0.001061]
[-0.000771][-0.000034][-0.000260][-0.000021][0.000718][0.000322][-0.000341][-0.000269][0.000009][0.000448][0.000001][0.000004][-0.000139][-0.001152][0.000519][0.000495][-0.000100][-0.000109][-0.000016][0.000037][-0.000681][0.001121][0.000937][-0.000071][-0.000188][-0.000027][0.001146][-0.001137][0.513196][0.000258][0.001105][-0.001028]
[-0.000041][-0.000090][-0.000118][-0.001150][0.000192][-0.000078][-0.000684][-0.000911][-0.000722][-0.000993][-0.000506][-0.000217][0.000013][-0.000064][0.000247][-0.000000][-0.000068][-0.000226][0.000033][-0.000069][0.000304][-0.000310][0.000571][0.000054][0.000923][0.000057][0.001037][-0.001078][0.000258][0.512059][-0.001096][-0.000618]
[0.000411][-0.000034][-0.000120][-0.000060][-0.000055][0.000256][0.000762][-0.000393][0.000161][-0.000095][-0.000054][-0.000010][0.000029][0.000016][0.001129][-0.000148][0.000319][0.000003][-0.000016][0.000035][0.001082][-0.000985][0.000079][0.000142][-0.001071][0.000184][-0.000470][0.000438][0.001104][-0.001096][0.502447][-0.000006]
[0.000055][-0.000777][0.000895][-0.000196][0.000400][0.000346][0.000885][-0.000124][0.000418][0.000572][-0.000892][0.000767][0.000236][0.000100][0.000069][-0.000033][-0.000033][-0.000277][-0.000043][-0.000059][-0.000099][-0.001143][0.000046][-0.000051][0.000251][-0.000223][-0.001033][0.001061][-0.001028][-0.000619][-0.000006][0.501437]
eigenvalue   1, =   207.672928
eigenvector:
    0.249505   -0.015759    0.201641    0.147727    0.213405
    0.130114   -0.095375    0.231289   -0.137639    0.209251
   -0.149091   -0.203107   -0.190597   -0.161823    0.250781
   -0.023797   -0.224844    0.111509    0.203310    0.144937
   -0.196409   -0.144704   -0.228711   -0.056214    0.099633
    0.257837    0.207202   -0.131324    0.248064   -0.073524
    0.121393    0.206451
eigenvalue   2, =   207.672913
eigenvector:
    0.249843    0.008775    0.150092    0.199929    0.126842
    0.215445   -0.219978    0.118116    0.074809    0.240558
   -0.247748    0.035554    0.100811   -0.232393    0.000148
   -0.249267   -0.085738   -0.233782    0.079291   -0.238787
   -0.044994    0.255262    0.063181    0.195241   -0.237146
   -0.168313   -0.124358    0.215792   -0.207552    0.131940
   -0.100156   -0.221923
eigenvalue   3, =    23.223640
eigenvector:
    0.247783    0.033223    0.085600    0.234880    0.010393
    0.249773   -0.245305   -0.048573    0.232336    0.095065
   -0.084073    0.236592    0.249487    0.027907   -0.249556
   -0.025560    0.241447   -0.065416   -0.248797   -0.005964
    0.239089   -0.095587    0.151619   -0.252042    0.204696
    0.001176    0.017980   -0.252990    0.150341   -0.181713
    0.075530    0.237732
eigenvalue   4, =    23.223623
eigenvector:
    0.243333    0.057346    0.013761    0.249615   -0.108622
    0.225245   -0.158845   -0.193249    0.219942   -0.119265
    0.167749    0.187892    0.044321    0.247997   -0.049435
    0.242829    0.039078    0.246599    0.065203    0.242668
   -0.179837   -0.164611   -0.257071    0.199416   -0.025297
    0.167141    0.085842    0.235921   -0.080643    0.218326
   -0.048116   -0.251517
eigenvalue   5, =     8.468954
eigenvector:
    0.236536    0.080926   -0.059330    0.242853   -0.201925
    0.147427   -0.000406   -0.250111    0.046802   -0.246968
    0.243296   -0.059566   -0.223365    0.116308    0.237491
    0.073966   -0.248466    0.019129    0.209101   -0.132683
   -0.069452    0.249392    0.172137   -0.056052   -0.170314
   -0.261071   -0.165427   -0.167002    0.002088   -0.237429
    0.017978    0.263594
eigenvalue   6, =     8.468962
eigenvector:
    0.227471    0.103714   -0.127254    0.215187   -0.247563
    0.034769    0.158283   -0.193401   -0.159986   -0.193320
    0.061377   -0.243745   -0.174890   -0.181396    0.097905
   -0.227893    0.008159   -0.251099   -0.184623   -0.168531
    0.246845   -0.070587    0.041733   -0.113530    0.238438
    0.238112    0.205892    0.062978    0.077711    0.234186
    0.014220   -0.273829
eigenvalue   7, =     4.405503
eigenvector:
    0.216208    0.125516   -0.184262    0.168958   -0.234796
   -0.086048    0.245024   -0.049146   -0.251104    0.001328
   -0.185653   -0.170913    0.120969   -0.220841   -0.218006
   -0.118439    0.246133    0.027716   -0.101878    0.229660
   -0.165754   -0.178593   -0.224313    0.231936   -0.132019
   -0.106303   -0.197556    0.049349   -0.148029   -0.205318
   -0.046989    0.278176
eigenvalue   8, =     4.405498
eigenvector:
    0.202867    0.146101   -0.225351    0.108243   -0.166489
   -0.186566    0.220742    0.118018   -0.157869    0.195354
   -0.236452    0.083486    0.246608    0.054243   -0.141925
    0.204578   -0.053305    0.248230    0.241094    0.038308
   -0.089411    0.232697    0.240474   -0.247977   -0.069228
   -0.073842    0.138997   -0.144329    0.198558    0.154136
    0.081197   -0.274398
eigenvalue   9, =     2.757466
eigenvector:
    0.187565    0.165286   -0.247105    0.038128   -0.058874
   -0.242983    0.096012    0.230911    0.050397    0.246222
   -0.037416    0.248911    0.022011    0.250768    0.191245
    0.158564   -0.238013   -0.077343   -0.035551   -0.254079
    0.251171   -0.036911   -0.080075    0.155714    0.219993
    0.218334   -0.041926    0.201899   -0.223258   -0.087186
   -0.117352    0.262205
eigenvalue  10, =     2.758827
eigenvector:
    0.170462    0.182875   -0.247508   -0.035245    0.062635
   -0.241999   -0.072086    0.239181    0.222073    0.116839
    0.201382    0.151512   -0.234151    0.092365    0.177633
   -0.174313    0.098752   -0.233990   -0.222126    0.111400
   -0.149979   -0.198894   -0.139000    0.004309   -0.210249
   -0.262887   -0.068874   -0.211659    0.221328    0.011466
    0.152655   -0.242015
eigenvalue  11, =     1.913355
eigenvector:
    0.151720    0.198696   -0.226636   -0.105556    0.169312
   -0.183947   -0.207876    0.139058    0.231016   -0.098322
    0.227581   -0.106895   -0.157940   -0.198117   -0.154301
   -0.192189    0.221240    0.125267    0.165598    0.188080
   -0.107020    0.223672    0.258462   -0.162286    0.043867
    0.190821    0.166787    0.172728   -0.197236    0.064276
   -0.182656    0.217840
eigenvalue  12, =     1.918814
eigenvector:
    0.131511    0.212615   -0.186208   -0.166815    0.236056
   -0.082315   -0.248806   -0.024425    0.071735   -0.240920
    0.012987   -0.251963    0.143084   -0.206228   -0.208540
    0.136073   -0.143302    0.207698    0.126542   -0.221855
    0.249830   -0.011324   -0.192623    0.249843    0.160964
   -0.037721   -0.230504   -0.091107    0.156401   -0.134194
    0.205662   -0.192685
eigenvalue  13, =     1.423503
eigenvector:
    0.110041    0.224482   -0.129780   -0.213661    0.247022
    0.038603   -0.177091   -0.176653   -0.140216   -0.207297
   -0.214562   -0.130054    0.240593    0.078777    0.113214
    0.219759   -0.191732   -0.164765   -0.241384   -0.056296
   -0.130638   -0.210787   -0.011131   -0.226358   -0.251977
   -0.127640    0.243566   -0.017200   -0.102535    0.191914
   -0.223709    0.164986
eigenvalue  14, =     1.425973
eigenvector:
    0.087509    0.234184   -0.062162   -0.242171    0.199543
    0.150350   -0.025078   -0.248912   -0.250355   -0.022593
   -0.217494    0.129376   -0.004146    0.251491    0.230971
   -0.092030    0.179319   -0.175560    0.015811    0.251621
   -0.125546    0.206826    0.204746    0.099797    0.157651
    0.232682   -0.199877    0.125949    0.039328   -0.230115
    0.237329   -0.135877
eigenvalue  15, =     1.115312
eigenvector:
    0.064131    0.241639    0.010813   -0.249758    0.105047
    0.226797    0.138919   -0.207663   -0.176826    0.178932
    0.011052    0.251671   -0.242482    0.066198   -0.067443
   -0.240554    0.156351    0.198773    0.232090   -0.089094
    0.252594    0.016196   -0.248913    0.072462    0.051982
   -0.231625    0.107311   -0.205936    0.029486    0.246563
   -0.245835    0.107890
eigenvalue  16, =     1.113388
eigenvector:
    0.040136    0.246756    0.082854   -0.235893   -0.014054
    0.249522    0.239388   -0.072446    0.025484    0.249394
    0.227925    0.107730   -0.135963   -0.212162   -0.246460
    0.045974   -0.208737    0.136215   -0.151391   -0.199665
   -0.117185   -0.220739    0.115448   -0.210415   -0.221081
    0.126222    0.015118    0.234841   -0.098640   -0.238068
    0.249342   -0.082193
eigenvalue  17, =     0.913878
eigenvector:
    0.015758    0.249502    0.147760   -0.201666   -0.130080
    0.213466    0.231106    0.095313    0.209522    0.137851
    0.203549   -0.150372    0.162994   -0.188909    0.021331
    0.251187   -0.116664   -0.225831   -0.145030    0.206051
   -0.139459    0.190661    0.096387    0.250329    0.225045
    0.033307   -0.139092   -0.204286    0.160366    0.203660
   -0.246948    0.060207
eigenvalue  18, =     0.911920
eigenvector:
   -0.008773    0.249845    0.199946   -0.150087   -0.215454
    0.126937    0.117940    0.220033    0.240188   -0.075080
   -0.035821   -0.248942    0.230601    0.101600    0.250732
    0.001748    0.233145   -0.089613    0.238499    0.078425
    0.248117    0.043077   -0.234021   -0.175630   -0.059112
   -0.172845    0.234576    0.121539   -0.206923   -0.148353
    0.237718   -0.041056
eigenvalue  19, =     0.775231
eigenvector:
   -0.033218    0.247784    0.234871   -0.085610   -0.249840
    0.010370   -0.048369    0.244932    0.095387   -0.232634
   -0.237625   -0.084242   -0.029514    0.249154    0.026629
   -0.251178    0.070759    0.242563    0.005637   -0.250717
   -0.095320   -0.234044    0.200692    0.021091   -0.155533
    0.232056   -0.278828   -0.004667    0.236801    0.077917
   -0.223809    0.022674
eigenvalue  20, =     0.776506
eigenvector:
   -0.057349    0.243333    0.249628   -0.013725   -0.225130
   -0.108596   -0.193405    0.158815   -0.119576   -0.220108
   -0.187681    0.169335   -0.247816    0.041947   -0.245535
   -0.050275   -0.249826    0.039033   -0.244655    0.070110
   -0.158325    0.180855   -0.022004    0.142043    0.259645
   -0.187990    0.260395   -0.119858   -0.252275   -0.000353
    0.212021   -0.003104
eigenvalue  21, =     0.681113
eigenvector:
   -0.080922    0.236540    0.242861    0.059333   -0.147395
   -0.202056   -0.249934    0.000629   -0.246839   -0.047166
    0.060593    0.244033   -0.113218   -0.223830   -0.074364
    0.240861   -0.017877   -0.247332    0.139621    0.205295
    0.245683    0.061140   -0.172225   -0.236578   -0.173361
    0.060492   -0.181204    0.221325    0.252025   -0.075432
   -0.206591   -0.017967
eigenvalue  22, =     0.679636
eigenvector:
   -0.103720    0.227470    0.215179    0.127275   -0.034757
   -0.247604   -0.193322   -0.158168   -0.193280    0.160752
    0.244356    0.060338    0.182009   -0.173102    0.231474
    0.098845    0.251630    0.009243    0.161892   -0.188439
   -0.074706   -0.238636    0.240737    0.217471   -0.041844
    0.095163    0.058206   -0.272269   -0.235670    0.142927
    0.204314    0.039334
eigenvalue  23, =     0.614183
eigenvector:
   -0.125518    0.216209    0.168992    0.184275    0.086019
   -0.234739   -0.048968   -0.245249    0.001320    0.250727
    0.169654   -0.186781    0.218265    0.123831    0.120770
   -0.222595   -0.032919    0.244640   -0.233576   -0.095199
   -0.172988    0.163635   -0.134817   -0.095087    0.226498
   -0.208430    0.078000    0.256094    0.204919   -0.196686
   -0.201337   -0.060652
eigenvalue  24, =     0.564313
eigenvector:
   -0.146103    0.202866    0.108190    0.225390    0.186598
   -0.166425    0.117583   -0.220439    0.195424    0.158082
   -0.084122   -0.236422   -0.056076    0.244462   -0.210659
   -0.142795   -0.243485   -0.056373   -0.026332    0.244273
    0.233509    0.087778   -0.068132   -0.070562   -0.245244
    0.225449   -0.192837   -0.177451   -0.159583    0.234282
    0.196538    0.081325
eigenvalue  25, =     0.615158
eigenvector:
   -0.165282    0.187566    0.038117    0.247055    0.242918
   -0.058799    0.230841   -0.096143    0.246029   -0.050294
   -0.248965   -0.036454   -0.250199    0.019085   -0.160379
    0.195080    0.080875   -0.234168    0.249939   -0.047007
   -0.041029   -0.252647    0.221917    0.202305    0.085913
   -0.137163    0.256977    0.058490    0.100429   -0.256014
   -0.190819   -0.102168
eigenvalue  26, =     0.564552
eigenvector:
   -0.182875    0.170466   -0.035267    0.247527    0.242009
    0.062638    0.239433    0.072041    0.116793   -0.221768
   -0.150127    0.202063   -0.088833   -0.232923    0.179302
    0.181109    0.227244    0.103718   -0.118880   -0.217189
   -0.198415    0.156732   -0.214376   -0.241231    0.134547
   -0.016077   -0.255861    0.072555   -0.032432    0.261590
    0.185642    0.123632
eigenvalue  27, =     0.531403
eigenvector:
   -0.198699    0.151716   -0.105574    0.226603    0.184001
    0.169382    0.139036    0.207694   -0.097912   -0.231446
    0.107014    0.226943    0.197461   -0.156340    0.195200
   -0.160400   -0.126433    0.212134   -0.181669    0.173369
    0.228158    0.101556    0.049007    0.168302   -0.255906
    0.164389    0.195562   -0.185831   -0.038598   -0.250325
   -0.182154   -0.142323
eigenvalue  28, =     0.532197
eigenvector:
   -0.212618    0.131512   -0.166796    0.186217    0.082353
    0.235911   -0.024446    0.248945   -0.240915   -0.072215
    0.251403    0.012569    0.204029    0.143190   -0.141420
   -0.210494   -0.202148   -0.144821    0.225118    0.116190
   -0.016560   -0.251970    0.153816   -0.015071    0.190737
   -0.240504   -0.093266    0.255145    0.109437    0.221857
    0.180981    0.156402
eigenvalue  29, =     0.513196
eigenvector:
   -0.224482    0.110040   -0.213684    0.129737   -0.038572
    0.246958   -0.176645    0.177053   -0.207531    0.140656
    0.128563   -0.215203   -0.078287    0.240171   -0.221593
    0.117972    0.168023   -0.183682    0.049033   -0.238870
   -0.211986    0.136510   -0.242634   -0.145967    0.011619
    0.208456   -0.028599   -0.264151   -0.175165   -0.177464
   -0.178679   -0.165949
eigenvalue  30, =     0.512059
eigenvector:
   -0.234185    0.087505   -0.242148    0.062153   -0.150525
    0.199699   -0.248703    0.025139   -0.022657    0.250561
   -0.129312   -0.216264   -0.250262   -0.004163    0.096107
    0.232100    0.167879    0.179579   -0.250240    0.019047
    0.214377    0.124224    0.148624    0.240472   -0.201504
   -0.077676    0.142580    0.210779    0.226944    0.120371
    0.170439    0.172405
eigenvalue  31, =     0.502447
eigenvector:
   -0.241636    0.064129   -0.249755   -0.010827   -0.226752
    0.105169   -0.207684   -0.138780    0.178931    0.176630
   -0.250037    0.011728   -0.067283   -0.242146    0.242182
   -0.071112   -0.200671    0.150497    0.093829    0.229869
    0.012515   -0.256720    0.059004   -0.225856    0.242973
   -0.095389   -0.221296   -0.108869   -0.257840   -0.056151
   -0.156600   -0.180511
eigenvalue  32, =     0.501437
eigenvector:
   -0.246754    0.040138   -0.235859   -0.082847   -0.249668
   -0.014186   -0.072822   -0.239369    0.249211   -0.025501
   -0.106587    0.226799    0.211452   -0.137045   -0.049718
   -0.246180   -0.128728   -0.209429    0.194902   -0.151643
   -0.226032    0.119213   -0.225890    0.108309   -0.110303
    0.228757    0.244082   -0.015070    0.265444   -0.009747
    0.139937    0.192365
Rotations: 1000001
Total time:131.405345 sec
