
[5.000000][4.000000][3.000000][2.000000][1.000000][0.000000][-1.000000][-2.000000][-3.000000][-4.000000]
[4.000000][5.000000][4.000000][3.000000][2.000000][1.000000][0.000000][-1.000000][-2.000000][-3.000000]
[3.000000][4.000000][5.000000][4.000000][3.000000][2.000000][1.000000][0.000000][-1.000000][-2.000000]
[2.000000][3.000000][4.000000][5.000000][4.000000][3.000000][2.000000][1.000000][0.000000][-1.000000]
[1.000000][2.000000][3.000000][4.000000][5.000000][4.000000][3.000000][2.000000][1.000000][0.000000]
[0.000000][1.000000][2.000000][3.000000][4.000000][5.000000][4.000000][3.000000][2.000000][1.000000]
[-1.000000][0.000000][1.000000][2.000000][3.000000][4.000000][5.000000][4.000000][3.000000][2.000000]
[-2.000000][-1.000000][0.000000][1.000000][2.000000][3.000000][4.000000][5.000000][4.000000][3.000000]
[-3.000000][-2.000000][-1.000000][0.000000][1.000000][2.000000][3.000000][4.000000][5.000000][4.000000]
[-4.000000][-3.000000][-2.000000][-1.000000][0.000000][1.000000][2.000000][3.000000][4.000000][5.000000]
****** Finding Eigenvalues ******

******  Eigenvalues ******

[20.431728][0.000000][0.000001][-0.000129][-0.000020][-0.000033][-0.000143][-0.000007][0.000148][0.000078]
[-0.000000][20.431734][-0.000226][-0.000001][-0.000009][-0.000023][-0.000006][0.000130][0.000080][0.000094]
[0.000001][-0.000224][2.425922][0.000000][0.000091][-0.000142][-0.000127][-0.000204][-0.000124][0.000115]
[-0.000129][-0.000001][0.000000][2.425923][0.000137][0.000069][0.000258][0.000165][0.000219][-0.000142]
[-0.000020][-0.000010][0.000091][0.000137][1.055556][0.000001][-0.000294][0.000294][-0.000001][-0.000002]
[-0.000033][-0.000024][-0.000142][0.000069][0.000001][1.055556][-0.000294][-0.000294][0.000001][0.000000]
[-0.000143][-0.000007][-0.000127][0.000258][-0.000294][-0.000294][0.651441][-0.000006][-0.000294][-0.000294]
[-0.000007][0.000130][-0.000204][0.000165][0.000295][-0.000295][-0.000005][0.651719][-0.000294][-0.000294]
[0.000148][0.000080][-0.000124][0.000219][-0.000001][0.000001][-0.000295][-0.000295][0.513793][0.000002]
[0.000078][0.000094][0.000114][-0.000142][-0.000002][0.000000][-0.000295][-0.000295][0.000002][0.513782]
eigenvalue   1, =    20.431728
eigenvector:
    0.443534   -0.057245    0.413059    0.171438   -0.256424
   -0.375300   -0.195031    0.409853   -0.194313    0.403159

eigenvalue   2, =    20.431734
eigenvector:
    0.439519    0.082621    0.104094    0.434913    0.375590
   -0.256554   -0.216799   -0.399479    0.060975   -0.442461

eigenvalue   3, =     2.425922
eigenvector:
    0.392479    0.214385   -0.290580    0.339820    0.256400
    0.375835    0.450493    0.060984    0.079435    0.439351

eigenvalue   4, =     2.425923
eigenvector:
    0.307017    0.325174   -0.445745   -0.035287   -0.375969
    0.256168   -0.313968    0.327022   -0.212654   -0.394127

eigenvalue   5, =     1.055556
eigenvector:
    0.191496    0.404133   -0.233552   -0.381348   -0.255914
   -0.375783   -0.080327   -0.444863    0.325103    0.310222

eigenvalue   6, =     1.055556
eigenvector:
    0.057250    0.443538    0.171332   -0.413150    0.375555
   -0.255724    0.407888    0.195044   -0.404966   -0.195065

eigenvalue   7, =     0.651441
eigenvector:
   -0.082622    0.439519    0.434947   -0.104233    0.255602
    0.375291   -0.398548    0.216958    0.444087    0.060004

eigenvalue   8, =     0.651719
eigenvector:
   -0.214385    0.392484    0.339882    0.290729   -0.374983
    0.255869    0.059221   -0.451131   -0.439593    0.081304

eigenvalue   9, =     0.513793
eigenvector:
   -0.325176    0.307013   -0.035243    0.445730   -0.256009
   -0.375025    0.329616    0.313379    0.392731   -0.214029

eigenvalue  10, =     0.513782
eigenvector:
   -0.404137    0.191498   -0.381549    0.233569    0.375037
   -0.256353   -0.446273    0.082647   -0.308266    0.324695

Rotations: 1000001
Total time:2.521531 sec
