
[8.000000][7.000000][6.000000][5.000000][4.000000][3.000000][2.000000][1.000000][0.000000][-1.000000][-2.000000][-3.000000][-4.000000][-5.000000][-6.000000][-7.000000]
[7.000000][8.000000][7.000000][6.000000][5.000000][4.000000][3.000000][2.000000][1.000000][0.000000][-1.000000][-2.000000][-3.000000][-4.000000][-5.000000][-6.000000]
[6.000000][7.000000][8.000000][7.000000][6.000000][5.000000][4.000000][3.000000][2.000000][1.000000][0.000000][-1.000000][-2.000000][-3.000000][-4.000000][-5.000000]
[5.000000][6.000000][7.000000][8.000000][7.000000][6.000000][5.000000][4.000000][3.000000][2.000000][1.000000][0.000000][-1.000000][-2.000000][-3.000000][-4.000000]
[4.000000][5.000000][6.000000][7.000000][8.000000][7.000000][6.000000][5.000000][4.000000][3.000000][2.000000][1.000000][0.000000][-1.000000][-2.000000][-3.000000]
[3.000000][4.000000][5.000000][6.000000][7.000000][8.000000][7.000000][6.000000][5.000000][4.000000][3.000000][2.000000][1.000000][0.000000][-1.000000][-2.000000]
[2.000000][3.000000][4.000000][5.000000][6.000000][7.000000][8.000000][7.000000][6.000000][5.000000][4.000000][3.000000][2.000000][1.000000][0.000000][-1.000000]
[1.000000][2.000000][3.000000][4.000000][5.000000][6.000000][7.000000][8.000000][7.000000][6.000000][5.000000][4.000000][3.000000][2.000000][1.000000][0.000000]
[0.000000][1.000000][2.000000][3.000000][4.000000][5.000000][6.000000][7.000000][8.000000][7.000000][6.000000][5.000000][4.000000][3.000000][2.000000][1.000000]
[-1.000000][0.000000][1.000000][2.000000][3.000000][4.000000][5.000000][6.000000][7.000000][8.000000][7.000000][6.000000][5.000000][4.000000][3.000000][2.000000]
[-2.000000][-1.000000][0.000000][1.000000][2.000000][3.000000][4.000000][5.000000][6.000000][7.000000][8.000000][7.000000][6.000000][5.000000][4.000000][3.000000]
[-3.000000][-2.000000][-1.000000][0.000000][1.000000][2.000000][3.000000][4.000000][5.000000][6.000000][7.000000][8.000000][7.000000][6.000000][5.000000][4.000000]
[-4.000000][-3.000000][-2.000000][-1.000000][0.000000][1.000000][2.000000][3.000000][4.000000][5.000000][6.000000][7.000000][8.000000][7.000000][6.000000][5.000000]
[-5.000000][-4.000000][-3.000000][-2.000000][-1.000000][0.000000][1.000000][2.000000][3.000000][4.000000][5.000000][6.000000][7.000000][8.000000][7.000000][6.000000]
[-6.000000][-5.000000][-4.000000][-3.000000][-2.000000][-1.000000][0.000000][1.000000][2.000000][3.000000][4.000000][5.000000][6.000000][7.000000][8.000000][7.000000]
[-7.000000][-6.000000][-5.000000][-4.000000][-3.000000][-2.000000][-1.000000][0.000000][1.000000][2.000000][3.000000][4.000000][5.000000][6.000000][7.000000][8.000000]
****** Finding Eigenvalues ******

******  Eigenvalues ******

[52.043472][-0.000000][0.000001][0.000160][-0.000065][0.000014][-0.000348][-0.000453][0.000022][-0.000005][0.000017][0.000099][-0.000024][0.000008][0.000037][0.000014]
[-0.000000][52.043476][-0.000001][-0.000001][0.000277][-0.000224][-0.000016][0.000020][-0.000323][0.000191][0.000105][-0.000132][-0.000115][0.000015][0.000286][-0.000126]
[0.000001][-0.000004][5.933655][0.000002][0.000383][-0.000507][-0.000433][-0.000083][0.000246][0.000021][0.000085][-0.000154][0.000002][0.000214][0.000064][0.000046]
[0.000159][-0.000002][0.000001][5.933659][-0.000066][-0.000197][-0.000097][-0.000328][-0.000478][-0.000025][0.000027][-0.000125][0.000296][-0.000045][0.000146][0.000077]
[-0.000065][0.000276][0.000383][-0.000066][2.263259][0.000001][-0.000602][0.000002][-0.000001][0.000002][-0.000167][-0.000455][-0.000047][-0.000266][0.000000][0.000387]
[0.000014][-0.000225][-0.000507][-0.000197][0.000000][2.257493][-0.000000][0.000001][-0.000283][0.000493][0.000311][0.000258][0.000261][0.000411][0.000368][0.000305]
[-0.000348][-0.000016][-0.000433][-0.000097][-0.000602][-0.000000][1.281263][-0.000006][-0.000602][-0.000602][-0.000002][-0.000000][-0.000030][0.000054][-0.000602][0.000014]
[-0.000452][0.000020][-0.000082][-0.000329][0.000002][0.000001][-0.000006][1.264476][-0.000602][0.000602][-0.000002][-0.000002][-0.000071][-0.000033][-0.000600][0.000005]
[0.000022][-0.000324][0.000245][-0.000478][-0.000001][-0.000283][-0.000602][-0.000602][0.844645][-0.000004][-0.000602][0.000602][-0.000015][0.000008][0.000114][-0.000569]
[-0.000005][0.000192][0.000021][-0.000025][0.000002][0.000493][-0.000603][0.000602][-0.000003][0.843720][-0.000602][0.000602][-0.000005][0.000006][-0.000004][-0.000279]
[0.000018][0.000105][0.000085][0.000028][-0.000167][0.000311][-0.000002][-0.000002][-0.000602][-0.000602][0.643866][0.000004][-0.000602][0.000602][0.000028][-0.000009]
[0.000099][-0.000133][-0.000154][-0.000125][-0.000455][0.000258][-0.000000][-0.000002][0.000602][0.000602][0.000004][0.643865][0.000602][-0.000602][-0.000026][-0.000005]
[-0.000023][-0.000115][0.000003][0.000295][-0.000047][0.000261][-0.000030][-0.000071][-0.000015][-0.000005][-0.000602][0.000602][0.546073][-0.000028][-0.000602][-0.000601]
[0.000008][0.000015][0.000214][-0.000044][-0.000266][0.000411][0.000055][-0.000033][0.000008][0.000006][0.000602][-0.000602][-0.000028][0.546072][-0.000602][-0.000602]
[0.000038][0.000287][0.000065][0.000145][0.000001][0.000368][-0.000602][-0.000600][0.000113][-0.000004][0.000028][-0.000026][-0.000602][-0.000602][0.516547][-0.000034]
[0.000014][-0.000127][0.000045][0.000078][0.000387][0.000305][0.000014][0.000005][-0.000569][-0.000279][-0.000009][-0.000005][-0.000601][-0.000602][-0.000034][0.504922]
eigenvalue   1, =    52.043472
eigenvector:
    0.353522   -0.004658    0.266874    0.231910    0.254666
    0.247211   -0.304221    0.189840    0.350569   -0.057839
   -0.313332   -0.162385    0.180643   -0.302591    0.091859
    0.343858
eigenvalue   2, =    52.043476
eigenvector:
    0.347634    0.064398    0.093121    0.341089   -0.065604
    0.347435   -0.245679   -0.260294   -0.011926    0.353683
    0.039039    0.354411    0.023979    0.345023   -0.026802
   -0.358723
eigenvalue   3, =     5.933655
eigenvector:
    0.328394    0.130981   -0.112007    0.335269   -0.327917
    0.139308    0.207836   -0.291146   -0.343890   -0.078843
    0.270500   -0.231623   -0.217527   -0.270307   -0.040366
    0.357850
eigenvalue   4, =     5.933659
eigenvector:
    0.296536    0.192534   -0.279458    0.216531   -0.298775
   -0.192921    0.327565    0.147095    0.144041   -0.324963
   -0.338781   -0.097521    0.335031    0.105209    0.109106
   -0.340182
eigenvalue   5, =     2.263259
eigenvector:
    0.253276    0.246683   -0.352745    0.024825   -0.004269
   -0.353809   -0.079995    0.347668    0.288624    0.206311
    0.105566    0.340475   -0.338110    0.095277   -0.177253
    0.307280
eigenvalue   6, =     2.257493
eigenvector:
    0.200282    0.291346   -0.307086   -0.175410    0.294079
   -0.200206   -0.358841   -0.011080   -0.257265    0.244864
    0.221670   -0.281282    0.227521   -0.264999    0.239390
   -0.262754
eigenvalue   7, =     1.281263
eigenvector:
    0.139592    0.324830   -0.157872   -0.316381    0.330432
    0.131630   -0.060682   -0.352020   -0.188084   -0.302348
   -0.353636   -0.026523   -0.042295    0.346492   -0.291658
    0.208709
eigenvalue   8, =     1.264476
eigenvector:
    0.073542    0.345822    0.044584   -0.350686    0.074132
    0.346404    0.336199   -0.126138    0.331144   -0.126686
    0.173575    0.308275   -0.155260   -0.311604    0.331570
   -0.146806
eigenvalue   9, =     0.844645
eigenvector:
    0.004667    0.353526    0.231938   -0.266872   -0.247618
    0.253109    0.190890    0.301776    0.059461    0.351940
    0.160004   -0.314998    0.299757    0.170296   -0.355989
    0.080828
eigenvalue  10, =     0.843720
eigenvector:
   -0.064397    0.347637    0.341104   -0.093115   -0.348871
   -0.065059   -0.261422    0.244623   -0.356324   -0.011497
   -0.352606    0.043378   -0.343173    0.031990    0.363222
   -0.014489
eigenvalue  11, =     0.643866
eigenvector:
   -0.130985    0.328400    0.335271    0.112049   -0.139342
   -0.325072   -0.293024   -0.206607    0.080746   -0.346044
    0.234002    0.264827    0.270191   -0.226745   -0.354817
   -0.050284
eigenvalue  12, =     0.643865
eigenvector:
   -0.192533    0.296530    0.216434    0.279477    0.193949
   -0.296490    0.147999   -0.324975    0.325478    0.146571
    0.091344   -0.336527   -0.103736    0.347079    0.333217
    0.112814
eigenvalue  13, =     0.546073
eigenvector:
   -0.246680    0.253272    0.024798    0.352703    0.355067
   -0.004124    0.349733    0.079012   -0.208536    0.287104
   -0.335106    0.108282   -0.101730   -0.351619   -0.299700
   -0.173057
eigenvalue  14, =     0.546072
eigenvector:
   -0.291352    0.200282   -0.175325    0.307005    0.201193
    0.291565   -0.011270    0.356877   -0.243371   -0.257677
    0.279873    0.217030    0.277026    0.238592    0.256263
    0.229011
eigenvalue  15, =     0.516547
eigenvector:
   -0.324831    0.139597   -0.316350    0.157905   -0.133647
    0.328850   -0.353839    0.059673    0.302319   -0.186437
    0.025187   -0.350468   -0.361650   -0.047493   -0.206471
   -0.277067
eigenvalue  16, =     0.504922
eigenvector:
   -0.345825    0.073544   -0.350708   -0.044554   -0.346881
    0.072975   -0.126908   -0.333434    0.125416    0.330610
   -0.306909    0.171837    0.325773   -0.155662    0.152054
    0.315705
Rotations: 1000001
Total time:12.655558 sec
