
[-2.000000][-1.000000][0.000000][1.000000][2.000000]
[-1.000000][-1.000000][0.000000][1.000000][2.000000]
[0.000000][0.000000][0.000000][1.000000][2.000000]
[1.000000][1.000000][1.000000][1.000000][2.000000]
[2.000000][2.000000][2.000000][2.000000][2.000000]
****** Finding Eigenvalues ******

******  Eigenvalues ******

[5.630339][0.000052][0.000090][0.000008][0.000067]
[0.000051][-0.278932][0.000154][0.000000][0.000132]
[0.000090][0.000154][-0.419648][0.000154][0.000023]
[0.000008][0.000000][0.000154][-0.833011][0.000127]
[0.000067][0.000132][0.000023][0.000127][-4.177852]
eigenvalue   1, =     5.630339
eigenvector:
    0.220216   -0.201617   -0.397916   -0.553857   -0.687909

eigenvalue   2, =    -0.278932
eigenvector:
    0.259303    0.525451    0.620939    0.152416   -0.523202

eigenvalue   3, =    -0.419648
eigenvector:
    0.344485   -0.640771    0.047935    0.664132   -0.233338

eigenvalue   4, =    -0.833011
eigenvector:
    0.490832    0.501643   -0.643345    0.329187    0.112425

eigenvalue   5, =    -4.177852
eigenvector:
    0.724349   -0.161797    0.313013   -0.425082    0.431224

Rotations: 1000001
Total time:0.344922 sec
