
[5.000000][4.000000][3.000000][2.000000][1.000000][0.000000][-1.000000][-2.000000][-3.000000][-4.000000]
[4.000000][5.000000][4.000000][3.000000][2.000000][1.000000][0.000000][-1.000000][-2.000000][-3.000000]
[3.000000][4.000000][5.000000][4.000000][3.000000][2.000000][1.000000][0.000000][-1.000000][-2.000000]
[2.000000][3.000000][4.000000][5.000000][4.000000][3.000000][2.000000][1.000000][0.000000][-1.000000]
[1.000000][2.000000][3.000000][4.000000][5.000000][4.000000][3.000000][2.000000][1.000000][0.000000]
[0.000000][1.000000][2.000000][3.000000][4.000000][5.000000][4.000000][3.000000][2.000000][1.000000]
[-1.000000][0.000000][1.000000][2.000000][3.000000][4.000000][5.000000][4.000000][3.000000][2.000000]
[-2.000000][-1.000000][0.000000][1.000000][2.000000][3.000000][4.000000][5.000000][4.000000][3.000000]
[-3.000000][-2.000000][-1.000000][0.000000][1.000000][2.000000][3.000000][4.000000][5.000000][4.000000]
[-4.000000][-3.000000][-2.000000][-1.000000][0.000000][1.000000][2.000000][3.000000][4.000000][5.000000]
****** Finding Eigenvalues ******

******  Eigenvalues ******

[20.431736][0.000000][-0.000000][-0.000000][-0.000000][-0.000000][0.000000][-0.000000][0.000000][-0.000000]
[-0.000001][20.431734][-0.000000][0.000000][-0.000000][0.000000][0.000000][0.000000][-0.000000][0.000000]
[0.000001][0.000000][2.425921][-0.000000][-0.000000][0.000000][0.000000][-0.000000][-0.000000][-0.000000]
[0.000000][-0.000000][0.000000][2.425920][0.000000][0.000000][0.000000][-0.000000][0.000000][-0.000000]
[0.000000][0.000001][-0.000000][0.000000][1.000001][-0.000000][-0.000000][0.000000][-0.000000][-0.000000]
[0.000000][-0.000000][0.000000][0.000000][-0.000000][1.000000][-0.000000][0.000000][0.000000][0.000000]
[0.000001][0.000000][-0.000000][-0.000000][-0.000000][0.000000][0.629809][-0.000000][-0.000000][-0.000000]
[-0.000000][0.000000][0.000000][0.000000][-0.000000][-0.000000][-0.000000][0.629808][-0.000000][-0.000000]
[-0.000000][-0.000001][0.000000][0.000000][-0.000000][-0.000000][0.000000][-0.000000][0.512543][0.000000]
[-0.000001][-0.000001][0.000000][-0.000000][-0.000000][0.000000][-0.000000][-0.000000][0.000000][0.512543]
eigenvalue   1, =    20.431736
eigenvector:
    0.100390   -0.435800    0.324920    0.307289    0.443665
    0.056224    0.269490    0.356896   -0.153416    0.420076

eigenvalue   2, =    20.431734
eigenvector:
    0.230146   -0.383448   -0.057619    0.443486    0.056224
   -0.443666    0.130332   -0.427801    0.016098   -0.446924

eigenvalue   3, =     2.425921
eigenvector:
    0.337374   -0.293562   -0.392656    0.214060   -0.443666
   -0.056224   -0.422706    0.146014    0.122798    0.430023

eigenvalue   4, =     2.425920
eigenvector:
    0.411578   -0.174940   -0.403975   -0.191843   -0.056224
    0.443665    0.366589    0.256150   -0.249673   -0.371030

eigenvalue   5, =     1.000001
eigenvector:
    0.445493   -0.039193   -0.082246   -0.439586    0.443665
    0.056224   -0.008246   -0.447137    0.352108    0.275718

eigenvalue   6, =     1.000000
eigenvector:
    0.435800    0.100390    0.307290   -0.324920    0.056224
   -0.443665   -0.356895    0.269491   -0.420076   -0.153416

eigenvalue   7, =     0.629809
eigenvector:
    0.383449    0.230146    0.443487    0.057619   -0.443665
   -0.056224    0.427801    0.130332    0.446924    0.016097

eigenvalue   8, =     0.629808
eigenvector:
    0.293562    0.337374    0.214060    0.392655   -0.056224
    0.443665   -0.146014   -0.422706   -0.430024    0.122798

eigenvalue   9, =     0.512543
eigenvector:
    0.174940    0.411578   -0.191844    0.403975    0.443665
    0.056224   -0.256151    0.366589    0.371030   -0.249673

eigenvalue  10, =     0.512543
eigenvector:
    0.039193    0.445493   -0.439586    0.082246    0.056224
   -0.443666    0.447137   -0.008245   -0.275718    0.352108

Rotations: 158
Total time:0.663814 sec
