
[16.000000][15.000000][14.000000][13.000000][12.000000][11.000000][10.000000][9.000000][8.000000][7.000000][6.000000][5.000000][4.000000][3.000000][2.000000][1.000000][0.000000][-1.000000][-2.000000][-3.000000][-4.000000][-5.000000][-6.000000][-7.000000][-8.000000][-9.000000][-10.000000][-11.000000][-12.000000][-13.000000][-14.000000][-15.000000]
[15.000000][16.000000][15.000000][14.000000][13.000000][12.000000][11.000000][10.000000][9.000000][8.000000][7.000000][6.000000][5.000000][4.000000][3.000000][2.000000][1.000000][0.000000][-1.000000][-2.000000][-3.000000][-4.000000][-5.000000][-6.000000][-7.000000][-8.000000][-9.000000][-10.000000][-11.000000][-12.000000][-13.000000][-14.000000]
[14.000000][15.000000][16.000000][15.000000][14.000000][13.000000][12.000000][11.000000][10.000000][9.000000][8.000000][7.000000][6.000000][5.000000][4.000000][3.000000][2.000000][1.000000][0.000000][-1.000000][-2.000000][-3.000000][-4.000000][-5.000000][-6.000000][-7.000000][-8.000000][-9.000000][-10.000000][-11.000000][-12.000000][-13.000000]
[13.000000][14.000000][15.000000][16.000000][15.000000][14.000000][13.000000][12.000000][11.000000][10.000000][9.000000][8.000000][7.000000][6.000000][5.000000][4.000000][3.000000][2.000000][1.000000][0.000000][-1.000000][-2.000000][-3.000000][-4.000000][-5.000000][-6.000000][-7.000000][-8.000000][-9.000000][-10.000000][-11.000000][-12.000000]
[12.000000][13.000000][14.000000][15.000000][16.000000][15.000000][14.000000][13.000000][12.000000][11.000000][10.000000][9.000000][8.000000][7.000000][6.000000][5.000000][4.000000][3.000000][2.000000][1.000000][0.000000][-1.000000][-2.000000][-3.000000][-4.000000][-5.000000][-6.000000][-7.000000][-8.000000][-9.000000][-10.000000][-11.000000]
[11.000000][12.000000][13.000000][14.000000][15.000000][16.000000][15.000000][14.000000][13.000000][12.000000][11.000000][10.000000][9.000000][8.000000][7.000000][6.000000][5.000000][4.000000][3.000000][2.000000][1.000000][0.000000][-1.000000][-2.000000][-3.000000][-4.000000][-5.000000][-6.000000][-7.000000][-8.000000][-9.000000][-10.000000]
[10.000000][11.000000][12.000000][13.000000][14.000000][15.000000][16.000000][15.000000][14.000000][13.000000][12.000000][11.000000][10.000000][9.000000][8.000000][7.000000][6.000000][5.000000][4.000000][3.000000][2.000000][1.000000][0.000000][-1.000000][-2.000000][-3.000000][-4.000000][-5.000000][-6.000000][-7.000000][-8.000000][-9.000000]
[9.000000][10.000000][11.000000][12.000000][13.000000][14.000000][15.000000][16.000000][15.000000][14.000000][13.000000][12.000000][11.000000][10.000000][9.000000][8.000000][7.000000][6.000000][5.000000][4.000000][3.000000][2.000000][1.000000][0.000000][-1.000000][-2.000000][-3.000000][-4.000000][-5.000000][-6.000000][-7.000000][-8.000000]
[8.000000][9.000000][10.000000][11.000000][12.000000][13.000000][14.000000][15.000000][16.000000][15.000000][14.000000][13.000000][12.000000][11.000000][10.000000][9.000000][8.000000][7.000000][6.000000][5.000000][4.000000][3.000000][2.000000][1.000000][0.000000][-1.000000][-2.000000][-3.000000][-4.000000][-5.000000][-6.000000][-7.000000]
[7.000000][8.000000][9.000000][10.000000][11.000000][12.000000][13.000000][14.000000][15.000000][16.000000][15.000000][14.000000][13.000000][12.000000][11.000000][10.000000][9.000000][8.000000][7.000000][6.000000][5.000000][4.000000][3.000000][2.000000][1.000000][0.000000][-1.000000][-2.000000][-3.000000][-4.000000][-5.000000][-6.000000]
[6.000000][7.000000][8.000000][9.000000][10.000000][11.000000][12.000000][13.000000][14.000000][15.000000][16.000000][15.000000][14.000000][13.000000][12.000000][11.000000][10.000000][9.000000][8.000000][7.000000][6.000000][5.000000][4.000000][3.000000][2.000000][1.000000][0.000000][-1.000000][-2.000000][-3.000000][-4.000000][-5.000000]
[5.000000][6.000000][7.000000][8.000000][9.000000][10.000000][11.000000][12.000000][13.000000][14.000000][15.000000][16.000000][15.000000][14.000000][13.000000][12.000000][11.000000][10.000000][9.000000][8.000000][7.000000][6.000000][5.000000][4.000000][3.000000][2.000000][1.000000][0.000000][-1.000000][-2.000000][-3.000000][-4.000000]
[4.000000][5.000000][6.000000][7.000000][8.000000][9.000000][10.000000][11.000000][12.000000][13.000000][14.000000][15.000000][16.000000][15.000000][14.000000][13.000000][12.000000][11.000000][10.000000][9.000000][8.000000][7.000000][6.000000][5.000000][4.000000][3.000000][2.000000][1.000000][0.000000][-1.000000][-2.000000][-3.000000]
[3.000000][4.000000][5.000000][6.000000][7.000000][8.000000][9.000000][10.000000][11.000000][12.000000][13.000000][14.000000][15.000000][16.000000][15.000000][14.000000][13.000000][12.000000][11.000000][10.000000][9.000000][8.000000][7.000000][6.000000][5.000000][4.000000][3.000000][2.000000][1.000000][0.000000][-1.000000][-2.000000]
[2.000000][3.000000][4.000000][5.000000][6.000000][7.000000][8.000000][9.000000][10.000000][11.000000][12.000000][13.000000][14.000000][15.000000][16.000000][15.000000][14.000000][13.000000][12.000000][11.000000][10.000000][9.000000][8.000000][7.000000][6.000000][5.000000][4.000000][3.000000][2.000000][1.000000][0.000000][-1.000000]
[1.000000][2.000000][3.000000][4.000000][5.000000][6.000000][7.000000][8.000000][9.000000][10.000000][11.000000][12.000000][13.000000][14.000000][15.000000][16.000000][15.000000][14.000000][13.000000][12.000000][11.000000][10.000000][9.000000][8.000000][7.000000][6.000000][5.000000][4.000000][3.000000][2.000000][1.000000][0.000000]
[0.000000][1.000000][2.000000][3.000000][4.000000][5.000000][6.000000][7.000000][8.000000][9.000000][10.000000][11.000000][12.000000][13.000000][14.000000][15.000000][16.000000][15.000000][14.000000][13.000000][12.000000][11.000000][10.000000][9.000000][8.000000][7.000000][6.000000][5.000000][4.000000][3.000000][2.000000][1.000000]
[-1.000000][0.000000][1.000000][2.000000][3.000000][4.000000][5.000000][6.000000][7.000000][8.000000][9.000000][10.000000][11.000000][12.000000][13.000000][14.000000][15.000000][16.000000][15.000000][14.000000][13.000000][12.000000][11.000000][10.000000][9.000000][8.000000][7.000000][6.000000][5.000000][4.000000][3.000000][2.000000]
[-2.000000][-1.000000][0.000000][1.000000][2.000000][3.000000][4.000000][5.000000][6.000000][7.000000][8.000000][9.000000][10.000000][11.000000][12.000000][13.000000][14.000000][15.000000][16.000000][15.000000][14.000000][13.000000][12.000000][11.000000][10.000000][9.000000][8.000000][7.000000][6.000000][5.000000][4.000000][3.000000]
[-3.000000][-2.000000][-1.000000][0.000000][1.000000][2.000000][3.000000][4.000000][5.000000][6.000000][7.000000][8.000000][9.000000][10.000000][11.000000][12.000000][13.000000][14.000000][15.000000][16.000000][15.000000][14.000000][13.000000][12.000000][11.000000][10.000000][9.000000][8.000000][7.000000][6.000000][5.000000][4.000000]
[-4.000000][-3.000000][-2.000000][-1.000000][0.000000][1.000000][2.000000][3.000000][4.000000][5.000000][6.000000][7.000000][8.000000][9.000000][10.000000][11.000000][12.000000][13.000000][14.000000][15.000000][16.000000][15.000000][14.000000][13.000000][12.000000][11.000000][10.000000][9.000000][8.000000][7.000000][6.000000][5.000000]
[-5.000000][-4.000000][-3.000000][-2.000000][-1.000000][0.000000][1.000000][2.000000][3.000000][4.000000][5.000000][6.000000][7.000000][8.000000][9.000000][10.000000][11.000000][12.000000][13.000000][14.000000][15.000000][16.000000][15.000000][14.000000][13.000000][12.000000][11.000000][10.000000][9.000000][8.000000][7.000000][6.000000]
[-6.000000][-5.000000][-4.000000][-3.000000][-2.000000][-1.000000][0.000000][1.000000][2.000000][3.000000][4.000000][5.000000][6.000000][7.000000][8.000000][9.000000][10.000000][11.000000][12.000000][13.000000][14.000000][15.000000][16.000000][15.000000][14.000000][13.000000][12.000000][11.000000][10.000000][9.000000][8.000000][7.000000]
[-7.000000][-6.000000][-5.000000][-4.000000][-3.000000][-2.000000][-1.000000][0.000000][1.000000][2.000000][3.000000][4.000000][5.000000][6.000000][7.000000][8.000000][9.000000][10.000000][11.000000][12.000000][13.000000][14.000000][15.000000][16.000000][15.000000][14.000000][13.000000][12.000000][11.000000][10.000000][9.000000][8.000000]
[-8.000000][-7.000000][-6.000000][-5.000000][-4.000000][-3.000000][-2.000000][-1.000000][0.000000][1.000000][2.000000][3.000000][4.000000][5.000000][6.000000][7.000000][8.000000][9.000000][10.000000][11.000000][12.000000][13.000000][14.000000][15.000000][16.000000][15.000000][14.000000][13.000000][12.000000][11.000000][10.000000][9.000000]
[-9.000000][-8.000000][-7.000000][-6.000000][-5.000000][-4.000000][-3.000000][-2.000000][-1.000000][0.000000][1.000000][2.000000][3.000000][4.000000][5.000000][6.000000][7.000000][8.000000][9.000000][10.000000][11.000000][12.000000][13.000000][14.000000][15.000000][16.000000][15.000000][14.000000][13.000000][12.000000][11.000000][10.000000]
[-10.000000][-9.000000][-8.000000][-7.000000][-6.000000][-5.000000][-4.000000][-3.000000][-2.000000][-1.000000][0.000000][1.000000][2.000000][3.000000][4.000000][5.000000][6.000000][7.000000][8.000000][9.000000][10.000000][11.000000][12.000000][13.000000][14.000000][15.000000][16.000000][15.000000][14.000000][13.000000][12.000000][11.000000]
[-11.000000][-10.000000][-9.000000][-8.000000][-7.000000][-6.000000][-5.000000][-4.000000][-3.000000][-2.000000][-1.000000][0.000000][1.000000][2.000000][3.000000][4.000000][5.000000][6.000000][7.000000][8.000000][9.000000][10.000000][11.000000][12.000000][13.000000][14.000000][15.000000][16.000000][15.000000][14.000000][13.000000][12.000000]
[-12.000000][-11.000000][-10.000000][-9.000000][-8.000000][-7.000000][-6.000000][-5.000000][-4.000000][-3.000000][-2.000000][-1.000000][0.000000][1.000000][2.000000][3.000000][4.000000][5.000000][6.000000][7.000000][8.000000][9.000000][10.000000][11.000000][12.000000][13.000000][14.000000][15.000000][16.000000][15.000000][14.000000][13.000000]
[-13.000000][-12.000000][-11.000000][-10.000000][-9.000000][-8.000000][-7.000000][-6.000000][-5.000000][-4.000000][-3.000000][-2.000000][-1.000000][0.000000][1.000000][2.000000][3.000000][4.000000][5.000000][6.000000][7.000000][8.000000][9.000000][10.000000][11.000000][12.000000][13.000000][14.000000][15.000000][16.000000][15.000000][14.000000]
[-14.000000][-13.000000][-12.000000][-11.000000][-10.000000][-9.000000][-8.000000][-7.000000][-6.000000][-5.000000][-4.000000][-3.000000][-2.000000][-1.000000][0.000000][1.000000][2.000000][3.000000][4.000000][5.000000][6.000000][7.000000][8.000000][9.000000][10.000000][11.000000][12.000000][13.000000][14.000000][15.000000][16.000000][15.000000]
[-15.000000][-14.000000][-13.000000][-12.000000][-11.000000][-10.000000][-9.000000][-8.000000][-7.000000][-6.000000][-5.000000][-4.000000][-3.000000][-2.000000][-1.000000][0.000000][1.000000][2.000000][3.000000][4.000000][5.000000][6.000000][7.000000][8.000000][9.000000][10.000000][11.000000][12.000000][13.000000][14.000000][15.000000][16.000000]
****** Finding Eigenvalues ******

******  Eigenvalues ******

[207.673096][0.000000][0.000000][0.000000][-0.000000][0.000000][-0.000000][-0.000000][-0.000000][0.000000][0.000000][0.000000][-0.000000][0.000000][0.000000][0.000000][0.000000][-0.000000][0.000000][-0.000000][0.000000][-0.000000][-0.000000][0.000000][-0.000000][0.000000][0.000000][-0.000000][0.000000][0.000000][-0.000000][-0.000000]
[0.000002][207.673080][-0.000000][-0.000000][-0.000000][0.000000][-0.000000][0.000000][-0.000000][0.000000][0.000000][0.000000][0.000000][-0.000000][-0.000000][0.000000][-0.000000][0.000000][-0.000000][0.000000][0.000000][0.000000][0.000000][-0.000000][-0.000000][0.000000][-0.000000][0.000000][0.000000][-0.000000][0.000000][0.000000]
[0.000000][0.000001][23.223654][-0.000000][0.000000][-0.000000][-0.000000][-0.000000][0.000000][0.000000][0.000000][-0.000000][0.000000][-0.000000][-0.000000][0.000000][-0.000000][0.000000][0.000000][0.000000][0.000000][-0.000000][0.000000][-0.000000][0.000000][0.000000][-0.000000][0.000000][0.000000][0.000000][-0.000000][0.000000]
[0.000002][0.000010][-0.000002][23.223629][-0.000000][-0.000000][-0.000000][-0.000000][0.000000][0.000000][0.000000][-0.000000][-0.000000][-0.000000][-0.000000][0.000000][0.000000][0.000000][-0.000000][-0.000000][0.000000][-0.000000][0.000000][-0.000000][0.000000][0.000000][0.000000][0.000000][0.000000][-0.000000][0.000000][0.000000]
[-0.000001][-0.000003][0.000001][0.000001][8.468948][0.000000][-0.000000][-0.000000][0.000000][0.000000][0.000000][0.000000][-0.000000][-0.000000][0.000000][0.000000][0.000000][0.000000][-0.000000][-0.000000][-0.000000][0.000000][-0.000000][-0.000000][-0.000000][0.000000][-0.000000][-0.000000][0.000000][0.000000][-0.000000][-0.000000]
[0.000000][0.000003][-0.000000][0.000001][-0.000000][8.468939][0.000000][-0.000000][0.000000][-0.000000][0.000000][-0.000000][-0.000000][0.000000][0.000000][0.000000][-0.000000][0.000000][0.000000][0.000000][-0.000000][0.000000][0.000000][0.000000][-0.000000][0.000000][-0.000000][0.000000][0.000000][0.000000][-0.000000][-0.000000]
[0.000000][-0.000001][0.000002][0.000002][-0.000000][0.000000][4.405502][-0.000000][0.000000][0.000000][0.000000][0.000000][0.000000][-0.000000][0.000000][0.000000][-0.000000][-0.000000][0.000000][0.000000][-0.000000][0.000000][0.000000][-0.000000][0.000000][-0.000000][0.000000][0.000000][-0.000000][0.000000][0.000000][0.000000]
[0.000001][-0.000000][-0.000000][-0.000001][0.000000][-0.000001][0.000000][4.405498][0.000000][0.000000][0.000000][0.000000][-0.000000][0.000000][0.000000][-0.000000][-0.000000][0.000000][0.000000][0.000000][0.000000][-0.000000][-0.000000][0.000000][0.000000][0.000000][-0.000000][-0.000000][0.000000][-0.000000][0.000000][0.000000]
[0.000000][0.000004][-0.000000][0.000001][-0.000000][-0.000001][-0.000000][-0.000001][2.735188][-0.000000][-0.000000][0.000000][-0.000000][-0.000000][-0.000000][0.000000][0.000000][0.000000][-0.000000][0.000000][0.000000][-0.000000][0.000000][0.000000][0.000000][0.000000][-0.000000][0.000000][-0.000000][-0.000000][0.000000][-0.000000]
[-0.000001][0.000004][-0.000001][-0.000001][0.000001][-0.000000][-0.000001][0.000001][0.000000][2.735184][-0.000000][-0.000000][0.000000][0.000000][0.000000][-0.000000][-0.000000][-0.000000][-0.000000][0.000000][0.000000][0.000000][-0.000000][0.000000][-0.000000][0.000000][0.000000][-0.000000][-0.000000][-0.000000][0.000000][0.000000]
[-0.000001][-0.000008][0.000001][0.000002][-0.000001][0.000001][-0.000001][-0.000000][0.000001][0.000001][1.891782][0.000000][0.000000][0.000000][0.000000][-0.000000][0.000000][-0.000000][-0.000000][0.000000][-0.000000][-0.000000][-0.000000][0.000000][-0.000000][0.000000][0.000000][-0.000000][0.000000][-0.000000][0.000000][0.000000]
[-0.000000][-0.000005][0.000002][0.000001][-0.000001][0.000000][-0.000000][-0.000001][-0.000000][0.000000][-0.000001][1.891780][-0.000000][-0.000000][0.000000][-0.000000][-0.000000][0.000000][-0.000000][0.000000][-0.000000][0.000000][0.000000][-0.000000][-0.000000][-0.000000][0.000000][0.000000][0.000000][0.000000][-0.000000][-0.000000]
[0.000000][-0.000009][0.000001][-0.000000][0.000000][0.000000][-0.000000][-0.000001][0.000000][0.000001][-0.000000][0.000000][1.409018][-0.000000][0.000000][-0.000000][0.000000][0.000000][-0.000000][-0.000000][-0.000000][-0.000000][0.000000][-0.000000][-0.000000][-0.000000][0.000000][-0.000000][0.000000][0.000000][0.000000][0.000000]
[0.000005][0.000001][0.000002][-0.000001][-0.000000][0.000001][-0.000001][-0.000001][0.000001][0.000000][0.000000][-0.000001][0.000000][1.409017][0.000000][0.000000][-0.000000][-0.000000][-0.000000][-0.000000][0.000000][0.000000][-0.000000][-0.000000][0.000000][0.000000][-0.000000][-0.000000][-0.000000][0.000000][0.000000][0.000000]
[0.000001][0.000006][-0.000001][0.000001][-0.000000][0.000001][-0.000001][0.000001][-0.000001][-0.000000][-0.000000][-0.000000][-0.000000][0.000000][1.108672][-0.000000][-0.000000][-0.000000][-0.000000][0.000000][-0.000000][0.000000][-0.000000][0.000000][0.000000][-0.000000][0.000000][0.000000][0.000000][0.000000][0.000000][-0.000000]
[0.000001][0.000008][-0.000002][-0.000000][-0.000001][0.000001][-0.000001][0.000000][-0.000001][-0.000000][-0.000000][-0.000001][-0.000000][0.000000][-0.000001][1.108670][-0.000000][-0.000000][0.000000][0.000000][-0.000000][0.000000][-0.000000][0.000000][-0.000000][-0.000000][0.000000][0.000000][-0.000000][0.000000][-0.000000][-0.000000]
[0.000001][0.000004][-0.000001][0.000001][-0.000001][-0.000000][0.000000][0.000001][0.000000][-0.000000][0.000000][0.000000][0.000000][-0.000000][0.000000][0.000000][0.910734][0.000000][0.000000][-0.000000][-0.000000][-0.000000][-0.000000][-0.000000][-0.000000][-0.000000][0.000000][-0.000000][0.000000][-0.000000][-0.000000][-0.000000]
[-0.000003][-0.000001][-0.000000][0.000000][0.000000][0.000001][0.000002][0.000000][-0.000000][-0.000000][0.000000][0.000001][-0.000001][0.000000][-0.000000][0.000000][-0.000000][0.910733][0.000000][0.000000][-0.000000][-0.000000][-0.000000][0.000000][0.000000][0.000000][0.000000][-0.000000][-0.000000][0.000000][0.000000][-0.000000]
[-0.000000][-0.000003][0.000001][0.000001][0.000000][0.000001][-0.000002][-0.000000][-0.000000][0.000001][-0.000001][-0.000001][0.000000][-0.000000][-0.000000][0.000000][0.000000][-0.000000][0.775025][0.000000][0.000000][-0.000000][0.000000][0.000000][-0.000000][0.000000][-0.000000][0.000000][-0.000000][-0.000000][0.000000][-0.000000]
[-0.000004][-0.000000][-0.000001][0.000003][-0.000001][0.000001][0.000001][-0.000000][0.000000][-0.000001][0.000001][0.000001][-0.000000][-0.000000][0.000000][0.000000][-0.000000][-0.000000][-0.000000][0.775023][-0.000000][0.000000][-0.000000][0.000000][-0.000000][0.000000][-0.000000][0.000000][0.000000][0.000000][0.000000][0.000000]
[0.000001][0.000001][0.000001][0.000000][0.000000][-0.000000][-0.000001][-0.000000][0.000000][-0.000000][-0.000000][-0.000001][0.000000][0.000000][-0.000000][-0.000000][0.000001][0.000000][-0.000000][0.000000][0.679628][0.000000][-0.000000][0.000000][-0.000000][0.000000][0.000000][0.000000][-0.000000][-0.000000][0.000000][-0.000000]
[-0.000000][-0.000005][0.000003][-0.000000][-0.000001][-0.000001][-0.000000][-0.000001][0.000002][-0.000000][0.000000][0.000000][0.000001][0.000000][0.000000][-0.000000][0.000000][0.000000][-0.000000][0.000000][-0.000000][0.679627][-0.000000][0.000000][-0.000000][0.000000][-0.000000][0.000000][0.000000][0.000000][0.000000][0.000000]
[0.000002][0.000004][0.000001][-0.000002][-0.000000][-0.000001][0.000001][-0.000001][0.000001][-0.000000][0.000001][0.000000][0.000000][0.000001][0.000001][0.000000][-0.000000][-0.000000][-0.000000][-0.000000][-0.000001][-0.000000][0.611849][0.000000][-0.000000][-0.000000][0.000000][0.000000][-0.000000][-0.000000][-0.000000][0.000000]
[-0.000003][-0.000004][-0.000002][-0.000000][0.000001][0.000001][0.000001][-0.000000][0.000000][0.000001][-0.000000][0.000000][-0.000000][0.000000][0.000000][-0.000000][-0.000000][0.000000][0.000000][0.000000][-0.000000][-0.000001][-0.000000][0.611848][0.000000][0.000000][-0.000000][-0.000000][0.000000][0.000000][0.000000][0.000000]
[0.000004][0.000012][-0.000000][-0.000002][0.000000][-0.000001][-0.000000][0.000001][0.000001][0.000000][0.000001][-0.000000][0.000001][-0.000000][0.000000][-0.000000][0.000001][-0.000001][-0.000000][0.000000][-0.000000][-0.000000][-0.000000][0.000000][0.564014][-0.000000][-0.000000][0.000000][-0.000000][-0.000000][0.000000][-0.000000]
[0.000000][-0.000001][0.000002][0.000001][-0.000000][-0.000000][-0.000001][0.000000][0.000001][-0.000000][0.000001][-0.000000][0.000001][-0.000000][-0.000000][-0.000000][-0.000000][-0.000000][-0.000000][0.000001][-0.000000][0.000000][0.000001][0.000000][0.000001][0.564013][-0.000000][0.000000][0.000000][0.000000][-0.000000][0.000000]
[0.000000][0.000005][-0.000000][-0.000000][0.000000][-0.000000][0.000001][-0.000001][-0.000001][-0.000000][-0.000000][0.000000][-0.000001][-0.000000][-0.000000][-0.000000][0.000000][0.000001][-0.000000][-0.000000][0.000000][0.000000][-0.000001][-0.000000][-0.000000][0.000000][0.531373][0.000000][-0.000000][0.000000][-0.000000][-0.000000]
[-0.000003][-0.000013][0.000002][0.000002][0.000000][0.000001][-0.000001][0.000001][-0.000000][0.000000][-0.000000][-0.000001][-0.000001][0.000000][-0.000000][-0.000000][-0.000001][0.000000][0.000000][0.000001][-0.000000][0.000000][0.000000][0.000001][0.000000][0.000000][-0.000000][0.531373][0.000000][-0.000000][-0.000000][-0.000000]
[0.000001][0.000007][-0.000002][-0.000000][0.000001][-0.000000][0.000001][0.000000][-0.000001][0.000000][-0.000000][0.000000][0.000000][0.000000][-0.000000][0.000000][0.000001][0.000000][-0.000000][-0.000000][0.000000][0.000000][-0.000000][-0.000001][-0.000000][0.000000][-0.000000][0.000000][0.511004][0.000000][-0.000000][-0.000000]
[-0.000004][-0.000006][0.000001][0.000004][0.000001][0.000001][-0.000002][0.000000][-0.000000][0.000000][0.000001][0.000000][-0.000000][0.000000][0.000001][0.000000][-0.000001][-0.000000][0.000000][0.000000][-0.000001][-0.000000][0.000000][0.000001][0.000000][0.000000][-0.000000][-0.000000][-0.000001][0.511003][0.000000][0.000000]
[-0.000000][-0.000001][0.000002][0.000003][-0.000000][0.000001][-0.000002][-0.000000][-0.000001][0.000000][-0.000000][0.000000][-0.000000][0.000000][0.000000][0.000000][-0.000001][-0.000000][0.000000][0.000000][-0.000001][-0.000001][-0.000000][0.000001][0.000001][-0.000000][0.000000][-0.000000][-0.000000][-0.000000][0.501209][0.000000]
[0.000003][0.000008][-0.000004][-0.000003][0.000001][-0.000000][0.000001][0.000000][-0.000000][0.000000][-0.000000][-0.000000][-0.000000][0.000000][-0.000000][-0.000000][0.000001][0.000000][0.000000][-0.000000][0.000000][0.000000][-0.000000][-0.000000][-0.000000][0.000000][-0.000000][0.000000][0.000000][0.000000][-0.000000][0.501208]
eigenvalue   1, =   207.673096
eigenvector:
    0.245317   -0.048164    0.148815   -0.200883    0.147891
   -0.201565   -0.166495   -0.186493   -0.156025    0.195336
   -0.033315    0.247771    0.249185    0.020184   -0.213868
   -0.129465   -0.209590   -0.136277   -0.034485   -0.247612
   -0.169701    0.183586   -0.133033    0.211672   -0.217112
    0.123953   -0.244219   -0.053487    0.169152   -0.184094
    0.238687    0.074259
eigenvalue   2, =   207.673080
eigenvector:
    0.248857   -0.023887    0.200720   -0.149035    0.225445
   -0.108049   -0.010392   -0.249784    0.052016    0.244529
   -0.234219    0.087416    0.053018    0.244313    0.107877
   -0.225528   -0.115082    0.221942    0.246960    0.038885
    0.241906    0.063115    0.248018   -0.031448    0.089193
   -0.233543    0.190168    0.162294   -0.215312    0.127075
   -0.244815   -0.050504
eigenvalue   3, =    23.223654
eigenvector:
    0.249999    0.000621    0.235340   -0.084351    0.249759
    0.010984    0.150428   -0.199679    0.222022    0.114920
   -0.187505   -0.165355   -0.218404    0.121656    0.235015
    0.085255    0.232149    0.092766   -0.108894    0.225035
   -0.058370   -0.243089   -0.181651   -0.171768    0.079214
    0.237114   -0.091213   -0.232778    0.242934   -0.059115
    0.248591    0.026263
eigenvalue   4, =    23.223629
eigenvector:
    0.248735    0.025122    0.249692   -0.012404    0.215090
    0.127422    0.242956   -0.058923    0.229682   -0.098720
    0.057440   -0.243311   -0.179816   -0.173682   -0.061805
    0.242240    0.069572   -0.240125   -0.183738   -0.169533
   -0.186872    0.166065   -0.017541    0.249381   -0.211656
   -0.133040   -0.029280    0.248288   -0.249635   -0.013937
   -0.249974   -0.001767
eigenvalue   5, =     8.468948
eigenvector:
    0.245075    0.049381    0.242541    0.060613    0.129626
    0.213769    0.225189    0.108583    0.069397   -0.240176
    0.241660   -0.064039    0.114007   -0.222493   -0.247134
   -0.037767   -0.245788   -0.045695    0.215565   -0.126610
    0.234550    0.086527    0.203908   -0.144641    0.248011
   -0.031436    0.142861   -0.205161    0.234837    0.085792
    0.248949   -0.022747
eigenvalue   6, =     8.468939
eigenvector:
    0.239055    0.073165    0.214503    0.128408    0.013550
    0.249632    0.105189    0.226793   -0.141633   -0.206010
    0.170394    0.182935    0.246004    0.044511    0.013362
   -0.249641   -0.021387    0.249082    0.058587    0.243039
   -0.034263   -0.247645   -0.241174   -0.065861   -0.171776
    0.181640   -0.222705    0.113583   -0.199816   -0.150259
   -0.245525    0.047042
eigenvalue   7, =     4.405502
eigenvector:
    0.230732    0.096244    0.167991    0.185146   -0.105726
    0.226544   -0.062563    0.242045   -0.249100   -0.021207
   -0.081014    0.236511    0.028817    0.248335    0.249753
   -0.011176    0.249983   -0.003131   -0.249581   -0.014487
   -0.202245    0.146951    0.102091    0.228204    0.017560
   -0.249382    0.249954    0.004817    0.147588    0.201786
    0.239739   -0.070882
eigenvalue   8, =     4.405498
eigenvector:
    0.220187    0.118396    0.107012    0.225939   -0.200034
    0.149955   -0.201914    0.147414   -0.174421    0.179102
   -0.246772    0.040044   -0.229275    0.099662    0.035596
    0.247453   -0.027622   -0.248469    0.086316   -0.234630
    0.224940    0.109098    0.111641   -0.223686    0.144628
    0.203911   -0.218173   -0.122079   -0.082652   -0.235937
   -0.231647    0.094040
eigenvalue   9, =     2.735188
eigenvector:
    0.207522    0.139408    0.036818    0.247274   -0.247103
    0.037953   -0.249600   -0.014141    0.027796    0.248450
   -0.151642   -0.198757   -0.161927   -0.190472   -0.242772
    0.059684   -0.244565    0.051839    0.199468    0.150705
   -0.009824   -0.249805   -0.243738    0.055604   -0.241157
   -0.065866    0.134868    0.210507    0.010601    0.249772
    0.221322   -0.116292
eigenvalue  10, =     2.735184
eigenvector:
    0.192859    0.159078   -0.036547    0.247315   -0.235816
   -0.083012   -0.183973   -0.169276    0.209688    0.136128
    0.103804   -0.227431    0.135264   -0.210246   -0.083190
   -0.235752    0.075564    0.238306   -0.202120    0.147135
   -0.215681    0.126414    0.197609    0.153139    0.228207
   -0.102083   -0.019712   -0.249218    0.062360   -0.242092
   -0.208859    0.137423
eigenvalue  11, =     1.891782
eigenvector:
    0.176338    0.177215   -0.106765    0.226056   -0.168839
   -0.184373   -0.034825   -0.247563    0.238254   -0.075733
    0.249509   -0.015664    0.240459    0.068410    0.226465
   -0.105900    0.229753   -0.098553   -0.082124   -0.236126
    0.213165    0.130624   -0.006985   -0.249905   -0.111653
    0.223689   -0.100098    0.229074   -0.129949    0.213558
    0.194380   -0.157233
eigenvalue  12, =     1.891780
eigenvector:
    0.158118    0.193646   -0.167789    0.185330   -0.061990
   -0.242193    0.130131   -0.213461    0.092605   -0.232217
    0.131431    0.212664    0.004337    0.249964    0.127584
    0.214992   -0.120604   -0.218989    0.249800   -0.010048
    0.014711   -0.249568   -0.188747    0.163938   -0.055591
   -0.243747    0.196269   -0.154838    0.186349   -0.166631
   -0.178033    0.175530
eigenvalue  13, =     1.409018
eigenvector:
    0.138376    0.208212   -0.214362    0.128643    0.059498
   -0.242817    0.236012   -0.082454   -0.120758   -0.218901
   -0.125596    0.216161   -0.237940    0.076712   -0.201453
    0.148045   -0.206108    0.141483   -0.062905    0.241960
   -0.227033    0.104671    0.246466    0.041901    0.197601
    0.153151   -0.246088    0.044038   -0.226699    0.105355
    0.159975   -0.192135
eigenvalue  14, =     1.409017
eigenvector:
    0.117302    0.220772   -0.242475    0.060878    0.166936
   -0.186098    0.234748    0.085986   -0.245821   -0.045522
   -0.249843   -0.008869   -0.142478   -0.205429   -0.167076
   -0.185971    0.161006    0.191253   -0.213277   -0.130426
    0.199332    0.150883   -0.123965   -0.217101   -0.249906
    0.006971    0.237793    0.077161    0.247524   -0.035007
   -0.140376    0.206888
eigenvalue  15, =     1.108672
eigenvector:
    0.095097    0.231207   -0.249706   -0.012130    0.234950
   -0.085431    0.126913    0.215390   -0.191136    0.161144
   -0.109953   -0.224522    0.155221   -0.195975    0.168700
   -0.184500    0.174547   -0.178976    0.186724   -0.166238
    0.039104   -0.246922   -0.089181    0.233552    0.188756
   -0.163928   -0.173341   -0.180143   -0.247034   -0.038355
    0.119422   -0.219645
eigenvalue  16, =     1.108670
eigenvector:
    0.071977    0.239415   -0.235432   -0.084094    0.247479
    0.035411   -0.038538    0.247012    0.003310    0.249979
    0.146179   -0.202810    0.232595    0.091649    0.200147
    0.149802   -0.195223   -0.156168    0.104872    0.226939
   -0.236199    0.081912    0.237115   -0.079225   -0.041910
    0.246465    0.067953    0.240586    0.225268    0.108415
   -0.097316    0.230284
eigenvalue  17, =     0.910734
eigenvector:
    0.048164    0.245317   -0.200884   -0.148815    0.201565
    0.147891   -0.186493    0.166495    0.195336    0.156026
    0.247770    0.033315   -0.020183    0.249185   -0.129464
    0.213868   -0.136277    0.209591   -0.247609    0.034483
    0.183583    0.169695   -0.211665   -0.133031   -0.123963
   -0.217112    0.053483   -0.244212   -0.184099   -0.169139
    0.074271   -0.238707
eigenvalue  18, =     0.910733
eigenvector:
    0.023887    0.248857   -0.149035   -0.200720    0.108049
    0.225445   -0.249784    0.010393    0.244530   -0.052015
    0.087416    0.234219   -0.244314    0.053019   -0.225526
   -0.107878    0.221940    0.115081    0.038880   -0.246958
    0.063119   -0.241897    0.031442    0.248013    0.233559
    0.089196   -0.162288    0.190165    0.127075    0.215299
   -0.050511    0.244835
eigenvalue  19, =     0.775025
eigenvector:
   -0.000621    0.249999   -0.084351   -0.235340   -0.010983
    0.249759   -0.199679   -0.150427    0.114920   -0.222022
   -0.165354    0.187504   -0.121656   -0.218403    0.085253
   -0.235015    0.092769   -0.232152    0.225038    0.108893
   -0.243091    0.058362    0.171770   -0.181646   -0.237126
    0.079214    0.232766   -0.091208   -0.059108   -0.242918
    0.026264   -0.248607
eigenvalue  20, =     0.775023
eigenvector:
   -0.025122    0.248735   -0.012403   -0.249692   -0.127422
    0.215090   -0.058923   -0.242957   -0.098721   -0.229683
   -0.243312   -0.057441    0.173684   -0.179817    0.242239
    0.061808   -0.240126   -0.069570   -0.169531    0.183740
    0.166067    0.186875   -0.249381   -0.017541    0.133045
   -0.211662   -0.248277   -0.029288   -0.013951    0.249618
   -0.001763    0.249985
eigenvalue  21, =     0.679628
eigenvector:
   -0.049381    0.245075    0.060613   -0.242541   -0.213769
    0.129626    0.108583   -0.225189   -0.240176   -0.069397
   -0.064038   -0.241659    0.222492    0.114008   -0.037766
    0.247132   -0.045697    0.245790   -0.126613   -0.215569
    0.086524   -0.234549    0.144640    0.203901    0.031431
    0.248020    0.205156    0.142864    0.085804   -0.234822
   -0.022754   -0.248956
eigenvalue  22, =     0.679627
eigenvector:
   -0.073165    0.239055    0.128409   -0.214503   -0.249633
    0.013550    0.226793   -0.105190   -0.206010    0.141633
    0.182937   -0.170394   -0.044512    0.246006   -0.249642
   -0.013363    0.249085    0.021385    0.243041   -0.058584
   -0.247643    0.034258    0.065864   -0.241164   -0.181635
   -0.171784   -0.113586   -0.222703   -0.150267    0.199805
    0.047052    0.245531
eigenvalue  23, =     0.611849
eigenvector:
   -0.096244    0.230732    0.185146   -0.167991   -0.226544
   -0.105726    0.242046    0.062564   -0.021208    0.249099
    0.236510    0.081013   -0.248335    0.028816   -0.011173
   -0.249751   -0.003133   -0.249982   -0.014491    0.249579
    0.146954    0.202254   -0.228209    0.102082    0.249379
    0.017561   -0.004808    0.249952    0.201790   -0.147581
   -0.070896   -0.239740
eigenvalue  24, =     0.611848
eigenvector:
   -0.118396    0.220187    0.225939   -0.107012   -0.149954
   -0.200034    0.147413    0.201915    0.179103    0.174420
    0.040044    0.246772   -0.099662   -0.229276    0.247452
   -0.035597   -0.248469    0.027621   -0.234627   -0.086315
    0.109094   -0.224945    0.223687    0.111645   -0.203911
    0.144635    0.122067   -0.218173   -0.235937    0.082642
    0.094056    0.231641
eigenvalue  25, =     0.564014
eigenvector:
   -0.139408    0.207522    0.247274   -0.036818   -0.037953
   -0.247103   -0.014140    0.249600    0.248450   -0.027797
   -0.198758    0.151642    0.190473   -0.161926    0.059682
    0.242771    0.051839    0.244566    0.150706   -0.199466
   -0.249805    0.009825   -0.055604   -0.243738    0.065871
   -0.241168   -0.210499    0.134870    0.249766   -0.010585
   -0.116311   -0.221313
eigenvalue  26, =     0.564013
eigenvector:
   -0.159078    0.192859    0.247314    0.036548    0.083012
   -0.235816   -0.169276    0.183973    0.136128   -0.209688
   -0.227431   -0.103805    0.210246    0.135266   -0.235752
    0.083188    0.238308   -0.075564    0.147133    0.202117
    0.126417    0.215681   -0.153134    0.197606    0.102075
    0.228212    0.249217   -0.019715   -0.242083   -0.062384
    0.137444    0.208852
eigenvalue  27, =     0.531373
eigenvector:
   -0.177215    0.176338    0.226056    0.106765    0.184373
   -0.168839   -0.247563    0.034825   -0.075734   -0.238253
   -0.015663   -0.249509   -0.068411    0.240457   -0.105899
   -0.226463   -0.098555   -0.229752   -0.236127    0.082125
    0.130621   -0.213168    0.249895   -0.006980   -0.223680
   -0.111652   -0.229078   -0.100096    0.213549    0.129977
   -0.157252   -0.194377
eigenvalue  28, =     0.531373
eigenvector:
   -0.193646    0.158118    0.185330    0.167789    0.242193
   -0.061990   -0.213462   -0.130132   -0.232217   -0.092604
    0.212664   -0.131431   -0.249963    0.004337    0.214993
   -0.127584   -0.218989    0.120602   -0.010047   -0.249799
   -0.249564   -0.014707   -0.163927   -0.188751    0.243737
   -0.055592    0.154836    0.196269   -0.166622   -0.186373
    0.175543    0.178029
eigenvalue  29, =     0.511004
eigenvector:
   -0.208212    0.138376    0.128643    0.214362    0.242817
    0.059498   -0.082453   -0.236012   -0.218900    0.120758
    0.216161    0.125598   -0.076710   -0.237939    0.148044
    0.201453    0.141485    0.206110    0.241959    0.062903
    0.104663    0.227031   -0.041909    0.246467   -0.153140
    0.197596   -0.044027   -0.246091    0.105345    0.226718
   -0.192140   -0.159967
eigenvalue  30, =     0.511003
eigenvector:
   -0.220773    0.117302    0.060878    0.242475    0.186098
    0.166936    0.085987   -0.234748   -0.045521    0.245821
   -0.008869    0.249843    0.205428   -0.142477   -0.185970
    0.167076    0.191252   -0.161006   -0.130427    0.213277
    0.150892   -0.199334    0.217103   -0.123962   -0.006982
   -0.249893   -0.077180    0.237796   -0.034994   -0.247537
    0.206881    0.140362
eigenvalue  31, =     0.501209
eigenvector:
   -0.231207    0.095097   -0.012131    0.249706    0.085431
    0.234951    0.215391   -0.126912    0.161144    0.191135
   -0.224523    0.109952    0.195976    0.155222   -0.184502
   -0.168701   -0.178977   -0.174548   -0.166235   -0.186724
   -0.246925   -0.039102   -0.233551   -0.089187    0.163936
    0.188742    0.180163   -0.173341   -0.038369    0.247038
   -0.219630   -0.119405
eigenvalue  32, =     0.501208
eigenvector:
   -0.239415    0.071977   -0.084094    0.235432   -0.035412
    0.247480    0.247012    0.038538    0.249978   -0.003311
   -0.202809   -0.146181   -0.091651    0.232594    0.149803
   -0.200147   -0.156166    0.195224    0.226936   -0.104873
    0.081909    0.236200    0.079224    0.237122   -0.246469
   -0.041907   -0.240600    0.067951    0.108429   -0.225264
    0.230265    0.097300
Rotations: 1946
Total time:1.075765 sec
