
[5.000000][4.000000][3.000000][2.000000][1.000000][0.000000][-1.000000][-2.000000][-3.000000][-4.000000]
[4.000000][5.000000][4.000000][3.000000][2.000000][1.000000][0.000000][-1.000000][-2.000000][-3.000000]
[3.000000][4.000000][5.000000][4.000000][3.000000][2.000000][1.000000][0.000000][-1.000000][-2.000000]
[2.000000][3.000000][4.000000][5.000000][4.000000][3.000000][2.000000][1.000000][0.000000][-1.000000]
[1.000000][2.000000][3.000000][4.000000][5.000000][4.000000][3.000000][2.000000][1.000000][0.000000]
[0.000000][1.000000][2.000000][3.000000][4.000000][5.000000][4.000000][3.000000][2.000000][1.000000]
[-1.000000][0.000000][1.000000][2.000000][3.000000][4.000000][5.000000][4.000000][3.000000][2.000000]
[-2.000000][-1.000000][0.000000][1.000000][2.000000][3.000000][4.000000][5.000000][4.000000][3.000000]
[-3.000000][-2.000000][-1.000000][0.000000][1.000000][2.000000][3.000000][4.000000][5.000000][4.000000]
[-4.000000][-3.000000][-2.000000][-1.000000][0.000000][1.000000][2.000000][3.000000][4.000000][5.000000]
****** Finding Eigenvalues ******

******  Eigenvalues ******

[20.431740][-0.000000][0.000027][-0.000001][0.000576][-0.000024][0.000100][0.000226][-0.000644][0.000034]
[0.000000][20.431759][0.000006][-0.000007][-0.000383][-0.000639][-0.000115][0.000035][0.000157][0.000033]
[0.000027][0.000007][2.425922][-0.000001][-0.000560][0.000296][-0.000223][0.000971][-0.000936][-0.000505]
[-0.000000][-0.000007][-0.000001][2.425919][0.001208][-0.000257][0.000613][0.000472][-0.001002][-0.000708]
[0.000575][-0.000384][-0.000560][0.001208][1.001439][-0.000000][-0.001231][0.001229][-0.000033][-0.000004]
[-0.000024][-0.000638][0.000296][-0.000257][-0.000000][1.001456][-0.001230][-0.001231][-0.000009][-0.000039]
[0.000100][-0.000115][-0.000223][0.000613][-0.001231][-0.001230][0.630436][-0.000023][-0.001230][-0.001230]
[0.000226][0.000035][0.000971][0.000472][0.001229][-0.001231][-0.000023][0.630389][-0.001230][-0.001230]
[-0.000644][0.000156][-0.000936][-0.001002][-0.000033][-0.000009][-0.001230][-0.001230][0.512564][0.000026]
[0.000034][0.000032][-0.000506][-0.000708][-0.000004][-0.000039][-0.001230][-0.001230][0.000026][0.512567]
eigenvalue   1, =    20.431740
eigenvector:
    0.441217   -0.073035    0.401183    0.197568   -0.339168
    0.294600    0.218292    0.397703    0.118752    0.422681

eigenvalue   2, =    20.431759
eigenvector:
    0.442172    0.066901    0.076475    0.440229    0.294792
    0.337777    0.185343   -0.409752   -0.249987   -0.367442

eigenvalue   3, =     2.425922
eigenvector:
    0.399878    0.200240   -0.311234    0.320889    0.337301
   -0.293735   -0.433588    0.088906    0.357426    0.277221

eigenvalue   4, =     2.425919
eigenvector:
    0.318415    0.314004   -0.443101   -0.063785   -0.292322
   -0.336648    0.319787    0.302760   -0.427282   -0.157214

eigenvalue   5, =     1.001439
eigenvector:
    0.205833    0.397046   -0.208551   -0.394786   -0.337161
    0.291252    0.064531   -0.440893    0.451294    0.017505

eigenvalue   6, =     1.001456
eigenvector:
    0.073014    0.441227    0.196894   -0.401674    0.290013
    0.338084   -0.399219    0.209093   -0.427239    0.127425

eigenvalue   7, =     0.630436
eigenvector:
   -0.066882    0.442181    0.440885   -0.076840    0.339069
   -0.290404    0.404236    0.197218    0.363059   -0.258254

eigenvalue   8, =     0.630389
eigenvector:
   -0.200245    0.399861    0.320962    0.311894   -0.291170
   -0.340303   -0.077261   -0.438853   -0.268425    0.359037

eigenvalue   9, =     0.512564
eigenvector:
   -0.314002    0.318425   -0.063942    0.442968   -0.340310
    0.292372   -0.311406    0.318851    0.150550   -0.421300

eigenvalue  10, =     0.512567
eigenvector:
   -0.397058    0.205822   -0.395290    0.208628    0.294067
    0.340206    0.445930    0.063800   -0.018577    0.441721

Rotations: 50001
Total time:0.537204 sec
