
[16.000000][15.000000][14.000000][13.000000][12.000000][11.000000][10.000000][9.000000][8.000000][7.000000][6.000000][5.000000][4.000000][3.000000][2.000000][1.000000][0.000000][-1.000000][-2.000000][-3.000000][-4.000000][-5.000000][-6.000000][-7.000000][-8.000000][-9.000000][-10.000000][-11.000000][-12.000000][-13.000000][-14.000000][-15.000000]
[15.000000][16.000000][15.000000][14.000000][13.000000][12.000000][11.000000][10.000000][9.000000][8.000000][7.000000][6.000000][5.000000][4.000000][3.000000][2.000000][1.000000][0.000000][-1.000000][-2.000000][-3.000000][-4.000000][-5.000000][-6.000000][-7.000000][-8.000000][-9.000000][-10.000000][-11.000000][-12.000000][-13.000000][-14.000000]
[14.000000][15.000000][16.000000][15.000000][14.000000][13.000000][12.000000][11.000000][10.000000][9.000000][8.000000][7.000000][6.000000][5.000000][4.000000][3.000000][2.000000][1.000000][0.000000][-1.000000][-2.000000][-3.000000][-4.000000][-5.000000][-6.000000][-7.000000][-8.000000][-9.000000][-10.000000][-11.000000][-12.000000][-13.000000]
[13.000000][14.000000][15.000000][16.000000][15.000000][14.000000][13.000000][12.000000][11.000000][10.000000][9.000000][8.000000][7.000000][6.000000][5.000000][4.000000][3.000000][2.000000][1.000000][0.000000][-1.000000][-2.000000][-3.000000][-4.000000][-5.000000][-6.000000][-7.000000][-8.000000][-9.000000][-10.000000][-11.000000][-12.000000]
[12.000000][13.000000][14.000000][15.000000][16.000000][15.000000][14.000000][13.000000][12.000000][11.000000][10.000000][9.000000][8.000000][7.000000][6.000000][5.000000][4.000000][3.000000][2.000000][1.000000][0.000000][-1.000000][-2.000000][-3.000000][-4.000000][-5.000000][-6.000000][-7.000000][-8.000000][-9.000000][-10.000000][-11.000000]
[11.000000][12.000000][13.000000][14.000000][15.000000][16.000000][15.000000][14.000000][13.000000][12.000000][11.000000][10.000000][9.000000][8.000000][7.000000][6.000000][5.000000][4.000000][3.000000][2.000000][1.000000][0.000000][-1.000000][-2.000000][-3.000000][-4.000000][-5.000000][-6.000000][-7.000000][-8.000000][-9.000000][-10.000000]
[10.000000][11.000000][12.000000][13.000000][14.000000][15.000000][16.000000][15.000000][14.000000][13.000000][12.000000][11.000000][10.000000][9.000000][8.000000][7.000000][6.000000][5.000000][4.000000][3.000000][2.000000][1.000000][0.000000][-1.000000][-2.000000][-3.000000][-4.000000][-5.000000][-6.000000][-7.000000][-8.000000][-9.000000]
[9.000000][10.000000][11.000000][12.000000][13.000000][14.000000][15.000000][16.000000][15.000000][14.000000][13.000000][12.000000][11.000000][10.000000][9.000000][8.000000][7.000000][6.000000][5.000000][4.000000][3.000000][2.000000][1.000000][0.000000][-1.000000][-2.000000][-3.000000][-4.000000][-5.000000][-6.000000][-7.000000][-8.000000]
[8.000000][9.000000][10.000000][11.000000][12.000000][13.000000][14.000000][15.000000][16.000000][15.000000][14.000000][13.000000][12.000000][11.000000][10.000000][9.000000][8.000000][7.000000][6.000000][5.000000][4.000000][3.000000][2.000000][1.000000][0.000000][-1.000000][-2.000000][-3.000000][-4.000000][-5.000000][-6.000000][-7.000000]
[7.000000][8.000000][9.000000][10.000000][11.000000][12.000000][13.000000][14.000000][15.000000][16.000000][15.000000][14.000000][13.000000][12.000000][11.000000][10.000000][9.000000][8.000000][7.000000][6.000000][5.000000][4.000000][3.000000][2.000000][1.000000][0.000000][-1.000000][-2.000000][-3.000000][-4.000000][-5.000000][-6.000000]
[6.000000][7.000000][8.000000][9.000000][10.000000][11.000000][12.000000][13.000000][14.000000][15.000000][16.000000][15.000000][14.000000][13.000000][12.000000][11.000000][10.000000][9.000000][8.000000][7.000000][6.000000][5.000000][4.000000][3.000000][2.000000][1.000000][0.000000][-1.000000][-2.000000][-3.000000][-4.000000][-5.000000]
[5.000000][6.000000][7.000000][8.000000][9.000000][10.000000][11.000000][12.000000][13.000000][14.000000][15.000000][16.000000][15.000000][14.000000][13.000000][12.000000][11.000000][10.000000][9.000000][8.000000][7.000000][6.000000][5.000000][4.000000][3.000000][2.000000][1.000000][0.000000][-1.000000][-2.000000][-3.000000][-4.000000]
[4.000000][5.000000][6.000000][7.000000][8.000000][9.000000][10.000000][11.000000][12.000000][13.000000][14.000000][15.000000][16.000000][15.000000][14.000000][13.000000][12.000000][11.000000][10.000000][9.000000][8.000000][7.000000][6.000000][5.000000][4.000000][3.000000][2.000000][1.000000][0.000000][-1.000000][-2.000000][-3.000000]
[3.000000][4.000000][5.000000][6.000000][7.000000][8.000000][9.000000][10.000000][11.000000][12.000000][13.000000][14.000000][15.000000][16.000000][15.000000][14.000000][13.000000][12.000000][11.000000][10.000000][9.000000][8.000000][7.000000][6.000000][5.000000][4.000000][3.000000][2.000000][1.000000][0.000000][-1.000000][-2.000000]
[2.000000][3.000000][4.000000][5.000000][6.000000][7.000000][8.000000][9.000000][10.000000][11.000000][12.000000][13.000000][14.000000][15.000000][16.000000][15.000000][14.000000][13.000000][12.000000][11.000000][10.000000][9.000000][8.000000][7.000000][6.000000][5.000000][4.000000][3.000000][2.000000][1.000000][0.000000][-1.000000]
[1.000000][2.000000][3.000000][4.000000][5.000000][6.000000][7.000000][8.000000][9.000000][10.000000][11.000000][12.000000][13.000000][14.000000][15.000000][16.000000][15.000000][14.000000][13.000000][12.000000][11.000000][10.000000][9.000000][8.000000][7.000000][6.000000][5.000000][4.000000][3.000000][2.000000][1.000000][0.000000]
[0.000000][1.000000][2.000000][3.000000][4.000000][5.000000][6.000000][7.000000][8.000000][9.000000][10.000000][11.000000][12.000000][13.000000][14.000000][15.000000][16.000000][15.000000][14.000000][13.000000][12.000000][11.000000][10.000000][9.000000][8.000000][7.000000][6.000000][5.000000][4.000000][3.000000][2.000000][1.000000]
[-1.000000][0.000000][1.000000][2.000000][3.000000][4.000000][5.000000][6.000000][7.000000][8.000000][9.000000][10.000000][11.000000][12.000000][13.000000][14.000000][15.000000][16.000000][15.000000][14.000000][13.000000][12.000000][11.000000][10.000000][9.000000][8.000000][7.000000][6.000000][5.000000][4.000000][3.000000][2.000000]
[-2.000000][-1.000000][0.000000][1.000000][2.000000][3.000000][4.000000][5.000000][6.000000][7.000000][8.000000][9.000000][10.000000][11.000000][12.000000][13.000000][14.000000][15.000000][16.000000][15.000000][14.000000][13.000000][12.000000][11.000000][10.000000][9.000000][8.000000][7.000000][6.000000][5.000000][4.000000][3.000000]
[-3.000000][-2.000000][-1.000000][0.000000][1.000000][2.000000][3.000000][4.000000][5.000000][6.000000][7.000000][8.000000][9.000000][10.000000][11.000000][12.000000][13.000000][14.000000][15.000000][16.000000][15.000000][14.000000][13.000000][12.000000][11.000000][10.000000][9.000000][8.000000][7.000000][6.000000][5.000000][4.000000]
[-4.000000][-3.000000][-2.000000][-1.000000][0.000000][1.000000][2.000000][3.000000][4.000000][5.000000][6.000000][7.000000][8.000000][9.000000][10.000000][11.000000][12.000000][13.000000][14.000000][15.000000][16.000000][15.000000][14.000000][13.000000][12.000000][11.000000][10.000000][9.000000][8.000000][7.000000][6.000000][5.000000]
[-5.000000][-4.000000][-3.000000][-2.000000][-1.000000][0.000000][1.000000][2.000000][3.000000][4.000000][5.000000][6.000000][7.000000][8.000000][9.000000][10.000000][11.000000][12.000000][13.000000][14.000000][15.000000][16.000000][15.000000][14.000000][13.000000][12.000000][11.000000][10.000000][9.000000][8.000000][7.000000][6.000000]
[-6.000000][-5.000000][-4.000000][-3.000000][-2.000000][-1.000000][0.000000][1.000000][2.000000][3.000000][4.000000][5.000000][6.000000][7.000000][8.000000][9.000000][10.000000][11.000000][12.000000][13.000000][14.000000][15.000000][16.000000][15.000000][14.000000][13.000000][12.000000][11.000000][10.000000][9.000000][8.000000][7.000000]
[-7.000000][-6.000000][-5.000000][-4.000000][-3.000000][-2.000000][-1.000000][0.000000][1.000000][2.000000][3.000000][4.000000][5.000000][6.000000][7.000000][8.000000][9.000000][10.000000][11.000000][12.000000][13.000000][14.000000][15.000000][16.000000][15.000000][14.000000][13.000000][12.000000][11.000000][10.000000][9.000000][8.000000]
[-8.000000][-7.000000][-6.000000][-5.000000][-4.000000][-3.000000][-2.000000][-1.000000][0.000000][1.000000][2.000000][3.000000][4.000000][5.000000][6.000000][7.000000][8.000000][9.000000][10.000000][11.000000][12.000000][13.000000][14.000000][15.000000][16.000000][15.000000][14.000000][13.000000][12.000000][11.000000][10.000000][9.000000]
[-9.000000][-8.000000][-7.000000][-6.000000][-5.000000][-4.000000][-3.000000][-2.000000][-1.000000][0.000000][1.000000][2.000000][3.000000][4.000000][5.000000][6.000000][7.000000][8.000000][9.000000][10.000000][11.000000][12.000000][13.000000][14.000000][15.000000][16.000000][15.000000][14.000000][13.000000][12.000000][11.000000][10.000000]
[-10.000000][-9.000000][-8.000000][-7.000000][-6.000000][-5.000000][-4.000000][-3.000000][-2.000000][-1.000000][0.000000][1.000000][2.000000][3.000000][4.000000][5.000000][6.000000][7.000000][8.000000][9.000000][10.000000][11.000000][12.000000][13.000000][14.000000][15.000000][16.000000][15.000000][14.000000][13.000000][12.000000][11.000000]
[-11.000000][-10.000000][-9.000000][-8.000000][-7.000000][-6.000000][-5.000000][-4.000000][-3.000000][-2.000000][-1.000000][0.000000][1.000000][2.000000][3.000000][4.000000][5.000000][6.000000][7.000000][8.000000][9.000000][10.000000][11.000000][12.000000][13.000000][14.000000][15.000000][16.000000][15.000000][14.000000][13.000000][12.000000]
[-12.000000][-11.000000][-10.000000][-9.000000][-8.000000][-7.000000][-6.000000][-5.000000][-4.000000][-3.000000][-2.000000][-1.000000][0.000000][1.000000][2.000000][3.000000][4.000000][5.000000][6.000000][7.000000][8.000000][9.000000][10.000000][11.000000][12.000000][13.000000][14.000000][15.000000][16.000000][15.000000][14.000000][13.000000]
[-13.000000][-12.000000][-11.000000][-10.000000][-9.000000][-8.000000][-7.000000][-6.000000][-5.000000][-4.000000][-3.000000][-2.000000][-1.000000][0.000000][1.000000][2.000000][3.000000][4.000000][5.000000][6.000000][7.000000][8.000000][9.000000][10.000000][11.000000][12.000000][13.000000][14.000000][15.000000][16.000000][15.000000][14.000000]
[-14.000000][-13.000000][-12.000000][-11.000000][-10.000000][-9.000000][-8.000000][-7.000000][-6.000000][-5.000000][-4.000000][-3.000000][-2.000000][-1.000000][0.000000][1.000000][2.000000][3.000000][4.000000][5.000000][6.000000][7.000000][8.000000][9.000000][10.000000][11.000000][12.000000][13.000000][14.000000][15.000000][16.000000][15.000000]
[-15.000000][-14.000000][-13.000000][-12.000000][-11.000000][-10.000000][-9.000000][-8.000000][-7.000000][-6.000000][-5.000000][-4.000000][-3.000000][-2.000000][-1.000000][0.000000][1.000000][2.000000][3.000000][4.000000][5.000000][6.000000][7.000000][8.000000][9.000000][10.000000][11.000000][12.000000][13.000000][14.000000][15.000000][16.000000]
****** Finding Eigenvalues ******

******  Eigenvalues ******

[207.672913][0.000005][-0.000006][0.000995][0.000092][0.000028][-0.001542][0.000194][-0.002149][-0.001438][0.000667][0.000051][0.002575][0.000029][-0.002017][0.000502][0.000038][0.000545][-0.000301][-0.003441][0.000306][-0.003796][-0.002732][0.002234][-0.002430][0.000395][-0.002344][-0.000359][-0.000123][0.003611][-0.003632][-0.000005]
[0.000004][207.672989][-0.002651][0.000007][-0.000126][0.000004][-0.002333][-0.000109][-0.002107][0.000131][-0.003369][-0.001158][0.000138][-0.000257][-0.000932][-0.000227][0.002232][0.000637][-0.001557][-0.000193][0.001547][-0.001172][-0.001692][-0.000077][0.000478][0.001725][0.003426][-0.003300][-0.003347][-0.001330][-0.002091][0.000332]
[-0.000006][-0.002664][23.223639][-0.000003][0.000518][-0.000241][0.000147][0.000573][0.003347][0.002708][-0.000430][0.001520][-0.000376][0.000499][-0.001605][0.000143][-0.000542][0.000003][0.000056][-0.000103][0.000035][-0.001672][-0.000559][-0.003347][0.002337][-0.002903][-0.001993][-0.002797][-0.004486][-0.001366][-0.000982][0.000136]
[0.000996][0.000007][-0.000006][23.223618][0.001824][0.000513][-0.000264][0.000201][0.003943][-0.003643][0.000102][-0.000125][-0.000210][-0.001469][-0.000102][0.000077][-0.000027][0.000066][0.003768][-0.000603][0.001821][-0.000231][-0.003849][-0.000682][-0.001837][0.000319][0.000292][-0.002808][-0.003764][-0.001396][0.003468][-0.001577]
[0.000093][-0.000130][0.000520][0.001825][8.468925][-0.000001][0.002318][-0.000040][-0.000530][0.002090][-0.000583][-0.002438][0.001963][-0.000116][0.000353][0.002183][-0.002862][0.003080][-0.000414][0.002060][0.001252][-0.001850][-0.001030][0.002059][0.001260][0.000058][-0.001904][-0.000072][-0.000676][-0.002542][-0.000051][-0.003201]
[0.000029][0.000002][-0.000240][0.000515][-0.000003][8.468925][0.001615][-0.002873][-0.001157][0.000503][-0.004418][0.000579][0.000437][0.004518][-0.000028][-0.000453][-0.002435][-0.000468][-0.000180][0.003816][-0.002207][0.003709][-0.001806][-0.002668][0.000379][-0.000895][-0.004597][0.002956][-0.000735][0.001815][0.001074][0.003264]
[-0.001541][-0.002333][0.000147][-0.000264][0.002318][0.001615][4.405476][0.000002][0.001253][0.003312][-0.002074][-0.000553][-0.000984][-0.001078][-0.000716][-0.000866][-0.000531][-0.001445][0.000516][-0.000553][0.001030][-0.000258][0.002081][-0.002535][0.003718][0.000041][-0.002848][0.001967][-0.001254][-0.000539][0.000447][-0.002132]
[0.000195][-0.000110][0.000573][0.000200][-0.000038][-0.002874][0.000000][4.405453][-0.004157][0.004171][0.004482][0.002082][0.001339][-0.002540][0.000799][-0.000650][0.001096][-0.000544][-0.000496][0.001208][0.000868][-0.000952][-0.001298][0.003048][-0.000114][-0.003269][0.001900][0.001989][0.001430][0.001757][0.001566][-0.001455]
[-0.002152][-0.002104][0.003346][0.003941][-0.000530][-0.001157][0.001251][-0.004157][2.735630][-0.000004][-0.004707][0.004708][0.000003][0.000243][-0.003049][0.002823][-0.001911][0.001807][0.002700][-0.001874][-0.000158][0.000600][0.002119][0.001052][-0.002500][-0.003927][0.000909][0.003870][-0.003759][0.002662][-0.002790][-0.001822]
[-0.001438][0.000125][0.002706][-0.003642][0.002090][0.000501][0.003313][0.004173][-0.000002][2.735583][0.004708][0.004707][0.000055][0.000092][-0.001094][0.000430][-0.002928][-0.003638][-0.002012][0.002483][-0.000004][-0.000104][0.001697][-0.002667][-0.000131][0.000338][-0.000697][-0.001377][-0.001330][-0.000731][0.003051][-0.003882]
[0.000669][-0.003363][-0.000430][0.000102][-0.000582][-0.004418][-0.002075][0.004482][-0.004705][0.004707][1.892070][0.000077][0.004704][-0.004710][0.000066][-0.000222][0.000926][0.004417][0.001031][0.001328][0.000002][-0.001887][0.001461][0.000064][0.001469][-0.001813][-0.001520][0.003702][-0.000094][0.003539][-0.003017][-0.004228]
[0.000052][-0.001154][0.001521][-0.000126][-0.002438][0.000578][-0.000552][0.002083][0.004709][0.004706][0.000078][1.892098][-0.004707][0.002776][0.000115][0.000495][-0.003395][0.001860][0.000129][0.000950][-0.001253][-0.001531][-0.002030][-0.003701][-0.001806][-0.000875][-0.000604][0.001784][0.001380][-0.000109][-0.000993][0.003851]
[0.002577][0.000143][-0.000375][-0.000210][0.001963][0.000437][-0.000983][0.001338][0.000003][0.000054][0.004705][-0.004706][1.409213][-0.000069][0.004697][0.004681][-0.000082][-0.000675][-0.000316][-0.003369][-0.002111][-0.003436][-0.001962][0.000124][-0.004384][-0.003943][0.003647][-0.000886][0.002794][0.001148][-0.000844][-0.000143]
[0.000029][-0.000255][0.000499][-0.001467][-0.000116][0.004518][-0.001078][-0.002539][0.000244][0.000092][-0.004709][0.002776][-0.000070][1.409021][0.004708][-0.004705][0.000116][-0.000390][0.000081][-0.002222][0.004547][0.000826][0.000532][-0.000260][-0.002416][-0.001044][-0.004238][0.003693][0.002027][-0.002055][-0.001618][0.000016]
[-0.002017][-0.000936][-0.001605][-0.000101][0.000353][-0.000028][-0.000716][0.000798][-0.003048][-0.001094][0.000066][0.000115][0.004696][0.004708][1.108505][0.000198][-0.004703][-0.000054][-0.004694][0.000567][0.001573][-0.001153][-0.000179][0.000321][0.001005][0.000250][-0.003476][-0.001718][0.000869][0.003795][0.000334][-0.004702]
[0.000504][-0.000233][0.000142][0.000078][0.002184][-0.000454][-0.000866][-0.000651][0.002824][0.000430][-0.000222][0.000494][0.004681][-0.004706][0.000196][1.108534][0.003948][-0.004572][0.004699][0.000381][-0.000448][0.000880][-0.000008][0.000509][0.002147][-0.000560][-0.002233][-0.000461][0.001148][-0.002021][-0.000361][0.000451]
[0.000036][0.002235][-0.000543][-0.000028][-0.002863][-0.002435][-0.000531][0.001096][-0.001911][-0.002928][0.000926][-0.003396][-0.000083][0.000117][-0.004704][0.003947][0.910486][0.004609][0.000099][0.004643][0.000177][-0.000628][-0.001164][0.002442][0.003781][0.000372][0.003534][-0.000052][0.000294][0.003385][0.000770][0.000299]
[0.000547][0.000636][0.000003][0.000067][0.003081][-0.000469][-0.001447][-0.000545][0.001807][-0.003639][0.004418][0.001859][-0.000675][-0.000390][-0.000055][-0.004571][0.004610][0.774724][-0.003153][0.000589][-0.004681][-0.004706][0.000894][-0.000558][-0.000117][0.000533][-0.000324][-0.000909][-0.004605][0.004342][-0.001632][-0.001053]
[-0.000301][-0.001562][0.000055][0.003770][-0.000414][-0.000180][0.000516][-0.000496][0.002701][-0.002012][0.001031][0.000129][-0.000315][0.000083][-0.004694][0.004699][0.000100][-0.003153][0.910591][0.004681][0.000722][-0.000483][-0.004706][-0.000358][0.003510][-0.001469][0.000752][-0.002207][0.000763][-0.000850][-0.000573][0.000543]
[-0.003440][-0.000193][-0.000103][-0.000600][0.002060][0.003816][-0.000551][0.001209][-0.001873][0.002483][0.001327][0.000949][-0.003370][-0.002222][0.000566][0.000381][0.004644][0.000587][0.004681][0.774679][0.004635][0.004612][-0.000122][-0.000983][-0.000556][0.002484][0.002636][0.000401][0.003869][-0.003679][-0.004671][-0.001251]
[0.000306][0.001547][0.000037][0.001819][0.001253][-0.002207][0.001030][0.000867][-0.000158][-0.000004][0.000002][-0.001253][-0.002111][0.004547][0.001573][-0.000448][0.000178][-0.004681][0.000722][0.004635][0.679460][0.000400][0.004415][-0.004664][-0.001069][0.000388][0.002128][0.000153][-0.000015][0.001982][-0.001396][0.000180]
[-0.003798][-0.001177][-0.001674][-0.000231][-0.001850][0.003708][-0.000258][-0.000952][0.000600][-0.000104][-0.001887][-0.001532][-0.003437][0.000825][-0.001153][0.000880][-0.000629][-0.004707][-0.000483][0.004612][0.000401][0.679449][-0.004159][-0.004684][-0.001258][-0.000538][-0.001597][0.001218][-0.001718][0.001571][-0.000041][0.001740]
[-0.002733][-0.001703][-0.000561][-0.003848][-0.001032][-0.001806][0.002082][-0.001297][0.002119][0.001697][0.001461][-0.002029][-0.001962][0.000532][-0.000179][-0.000008][-0.001164][0.000894][-0.004706][-0.000122][0.004415][-0.004159][0.611283][-0.000078][-0.003463][-0.004623][0.000129][0.001654][-0.004227][-0.000974][-0.002840][-0.004625]
[0.002235][-0.000075][-0.003347][-0.000683][0.002059][-0.002668][-0.002535][0.003049][0.001053][-0.002667][0.000064][-0.003702][0.000124][-0.000261][0.000320][0.000510][0.002442][-0.000559][-0.000359][-0.000983][-0.004664][-0.004684][-0.000077][0.611421][-0.004612][0.004608][0.001015][-0.000552][-0.001969][-0.001479][-0.003757][0.001522]
[-0.002429][0.000485][0.002341][-0.001837][0.001260][0.000382][0.003717][-0.000115][-0.002502][-0.000131][0.001468][-0.001805][-0.004383][-0.002415][0.001005][0.002147][0.003782][-0.000116][0.003510][-0.000556][-0.001069][-0.001258][-0.003463][-0.004612][0.563257][0.000894][0.003427][-0.004500][-0.003535][0.001265][0.003760][0.001574]
[0.000395][0.001718][-0.002907][0.000321][0.000058][-0.000896][0.000041][-0.003268][-0.003926][0.000337][-0.001812][-0.000876][-0.003944][-0.001044][0.000249][-0.000560][0.000372][0.000532][-0.001470][0.002484][0.000389][-0.000537][-0.004622][0.004608][0.000893][0.563727][-0.004528][0.003586][-0.000768][0.002165][0.001561][-0.001190]
[-0.002343][0.003420][-0.001996][0.000295][-0.001904][-0.004598][-0.002848][0.001902][0.000909][-0.000697][-0.001519][-0.000605][0.003646][-0.004239][-0.003477][-0.002232][0.003534][-0.000325][0.000751][0.002635][0.002128][-0.001597][0.000129][0.001014][0.003427][-0.004528][0.530357][-0.002106][-0.004650][0.003725][0.004640][0.002765]
[-0.000359][-0.003307][-0.002800][-0.002804][-0.000071][0.002956][0.001968][0.001992][0.003871][-0.001376][0.003702][0.001783][-0.000887][0.003692][-0.001719][-0.000461][-0.000052][-0.000909][-0.002207][0.000400][0.000153][0.001218][0.001653][-0.000552][-0.004499][0.003586][-0.002106][0.530254][0.003965][0.004178][0.003977][-0.000806]
[-0.000124][-0.003348][-0.004486][-0.003766][-0.000677][-0.000735][-0.001254][0.001429][-0.003759][-0.001330][-0.000094][0.001380][0.002794][0.002027][0.000869][0.001148][0.000295][-0.004605][0.000763][0.003869][-0.000016][-0.001718][-0.004227][-0.001970][-0.003535][-0.000767][-0.004649][0.003965][0.506863][0.000485][0.003767][0.002497]
[0.003612][-0.001323][-0.001364][-0.001397][-0.002542][0.001815][-0.000539][0.001756][0.002662][-0.000730][0.003538][-0.000109][0.001148][-0.002055][0.003796][-0.002022][0.003384][0.004342][-0.000850][-0.003679][0.001982][0.001571][-0.000974][-0.001479][0.001265][0.002164][0.003725][0.004178][0.000485][0.509614][-0.000980][0.004124]
[-0.003633][-0.002086][-0.000979][0.003466][-0.000052][0.001076][0.000448][0.001564][-0.002792][0.003052][-0.003018][-0.000993][-0.000844][-0.001617][0.000334][-0.000361][0.000771][-0.001632][-0.000573][-0.004670][-0.001397][-0.000041][-0.002839][-0.003757][0.003759][0.001561][0.004641][0.003978][0.003768][-0.000980][0.509095][0.001923]
[-0.000006][0.000330][0.000136][-0.001577][-0.003201][0.003264][-0.002131][-0.001456][-0.001822][-0.003883][-0.004228][0.003851][-0.000143][0.000017][-0.004702][0.000450][0.000299][-0.001053][0.000543][-0.001252][0.000181][0.001739][-0.004626][0.001522][0.001575][-0.001190][0.002765][-0.000806][0.002497][0.004124][0.001923][0.505645]
eigenvalue   1, =   207.672913
eigenvector:
    0.249511   -0.015765    0.201653    0.147783    0.213485
    0.130129   -0.095461    0.230992   -0.136901    0.209667
   -0.156182   -0.193177   -0.214344   -0.133490    0.238036
   -0.012908   -0.213220   -0.180011   -0.162954    0.196711
   -0.164514   -0.176465   -0.112924   -0.190437    0.043671
    0.292092    0.100654   -0.182395    0.022914   -0.029123
    0.062762    0.344645
eigenvalue   2, =   207.672989
eigenvector:
    0.249843    0.008780    0.150076    0.199897    0.126812
    0.215562   -0.221099    0.117333    0.068365    0.240406
   -0.247101    0.058486    0.058346   -0.236194    0.039627
    0.246048   -0.110327   -0.143574    0.226195   -0.208177
   -0.054183    0.249836   -0.097536    0.273048    0.120892
   -0.249852   -0.001882    0.208840   -0.055831    0.115383
   -0.041704   -0.293380
eigenvalue   3, =    23.223639
eigenvector:
    0.247779    0.033216    0.085508    0.234821    0.010599
    0.250025   -0.245294   -0.047796    0.229223    0.094711
   -0.070820    0.244521    0.250076   -0.001798   -0.228163
    0.066352    0.235412    0.254846    0.119061   -0.073682
    0.204400   -0.064627    0.242312   -0.174496   -0.244982
    0.109573   -0.095361   -0.201939    0.079898   -0.201825
    0.021239    0.245246
eigenvalue   4, =    23.223618
eigenvector:
    0.243329    0.057347    0.013688    0.249630   -0.108411
    0.225002   -0.158706   -0.193097    0.221414   -0.121318
    0.177356    0.173681    0.084210    0.238687   -0.090996
   -0.230097    0.057610   -0.010885   -0.254219    0.261542
   -0.140114   -0.196292   -0.218088   -0.041866    0.262060
    0.056084    0.171533    0.157941   -0.102123    0.281612
   -0.009177   -0.198965
eigenvalue   5, =     8.468925
eigenvector:
    0.236547    0.080936   -0.059252    0.242858   -0.201765
    0.147145    0.000330   -0.249475    0.051899   -0.247040
    0.241918   -0.081283   -0.203613    0.133977    0.219091
   -0.116393   -0.234143   -0.226344   -0.061331   -0.092177
   -0.066907    0.258762    0.042145    0.225537   -0.161014
   -0.183053   -0.196345   -0.075120    0.121174   -0.338282
    0.002918    0.159694
eigenvalue   6, =     8.468925
eigenvector:
    0.227465    0.103713   -0.127182    0.215131   -0.247544
    0.034967    0.158356   -0.193047   -0.157638   -0.192223
    0.042488   -0.249121   -0.199932   -0.153963    0.130267
    0.210193   -0.026249    0.128700    0.264298   -0.206124
    0.199057   -0.050203    0.161615   -0.248293   -0.029504
    0.227516    0.157535   -0.023913   -0.127325    0.360973
   -0.007759   -0.125138
eigenvalue   7, =     4.405476
eigenvector:
    0.216208    0.125506   -0.184250    0.169049   -0.235255
   -0.086234    0.244911   -0.049744   -0.249481    0.002973
   -0.198960   -0.154749    0.090102   -0.226646   -0.192311
    0.151631    0.244832    0.156657    0.001610    0.217102
   -0.110575   -0.211708   -0.245596    0.093595    0.230254
   -0.178182   -0.083811    0.125323    0.110636   -0.345467
    0.015769    0.086392
eigenvalue   8, =     4.405453
eigenvector:
    0.202859    0.146096   -0.225334    0.108341   -0.166412
   -0.186868    0.220508    0.116963   -0.160596    0.193597
   -0.227911    0.103885    0.251003    0.021842   -0.174720
   -0.173804   -0.013861   -0.227340   -0.252074    0.081374
   -0.110877    0.251077    0.149547    0.128065   -0.329761
    0.063529    0.000663   -0.225192   -0.076436    0.304148
   -0.010053   -0.042721
eigenvalue   9, =     2.735630
eigenvector:
    0.187579    0.165285   -0.247166    0.038213   -0.058960
   -0.242992    0.094788    0.230737    0.047245    0.244542
   -0.016301    0.249204    0.054099    0.236558    0.166294
   -0.188251   -0.244846   -0.014998    0.042606   -0.274289
    0.224996   -0.023236    0.053741   -0.251999    0.276630
    0.077094    0.090551    0.297535    0.039128   -0.260709
   -0.018633    0.006152
eigenvalue  10, =     2.735583
eigenvector:
    0.170456    0.182876   -0.247616   -0.035362    0.062565
   -0.241706   -0.071904    0.239185    0.220189    0.117226
    0.212653    0.133649   -0.224184    0.123035    0.205414
    0.136532    0.053331    0.222415    0.238556    0.087869
   -0.099608   -0.234002   -0.216353    0.181789   -0.111207
   -0.194537   -0.178890   -0.314915   -0.004637    0.221985
    0.078666    0.019451
eigenvalue  11, =     1.892070
eigenvector:
    0.151732    0.198696   -0.226548   -0.105566    0.169606
   -0.183395   -0.207473    0.139947    0.231808   -0.096453
    0.217264   -0.120781   -0.176894   -0.169282   -0.122712
    0.213315    0.239009   -0.104997   -0.085759    0.211237
   -0.139147    0.244743    0.223281    0.021930   -0.087647
    0.236491    0.241720    0.267141   -0.022321   -0.183317
   -0.161269   -0.038416
eigenvalue  12, =     1.892098
eigenvector:
    0.131505    0.212611   -0.186295   -0.166926    0.236183
   -0.082314   -0.249051   -0.023240    0.074359   -0.239414
   -0.008297   -0.248444    0.120204   -0.224401   -0.241022
   -0.093193   -0.097650   -0.161015   -0.221922   -0.192084
    0.243153    0.002024   -0.070008   -0.192702    0.240098
   -0.181265   -0.270048   -0.157928    0.037199    0.145406
    0.241307    0.041667
eigenvalue  13, =     1.409213
eigenvector:
    0.110020    0.224464   -0.129678   -0.213746    0.246889
    0.038693   -0.175870   -0.176029   -0.140162   -0.205509
   -0.226014   -0.114988    0.243269    0.039730    0.085228
   -0.228090   -0.220480    0.197438    0.135937   -0.114726
   -0.097125   -0.239031   -0.134861    0.201391   -0.280595
    0.049912    0.268092    0.018895   -0.039933   -0.106434
   -0.304407   -0.029522
eigenvalue  14, =     1.409021
eigenvector:
    0.087524    0.234194   -0.062084   -0.242095    0.199657
    0.149532   -0.024930   -0.248958   -0.249422   -0.024983
   -0.203230    0.140557    0.028332    0.249293    0.255218
    0.043716    0.140125    0.048934    0.188208    0.262833
   -0.158452    0.213530    0.254179   -0.037712    0.186929
    0.097741   -0.225176    0.107443    0.027835    0.066760
    0.347759    0.013601
eigenvalue  15, =     1.108505
eigenvector:
    0.064128    0.241623    0.010715   -0.249713    0.105213
    0.226721    0.138742   -0.209210   -0.177488    0.175212
    0.034751    0.245603   -0.236043    0.106051   -0.033378
    0.240309    0.194268   -0.228743   -0.178276   -0.044629
    0.254899    0.037430   -0.214730   -0.169934   -0.009659
   -0.191358    0.139798   -0.195178    0.002606   -0.028889
   -0.373695   -0.000834
eigenvalue  16, =     1.108534
eigenvector:
    0.040135    0.246770    0.082883   -0.235871   -0.014484
    0.249817    0.238843   -0.074391    0.024997    0.247006
    0.233724    0.092136   -0.159959   -0.187064   -0.263088
    0.003021   -0.181710    0.082838   -0.141111   -0.219962
   -0.075142   -0.237212    0.036340    0.253140   -0.162276
    0.189598   -0.031672    0.223172   -0.040974   -0.012171
    0.380597   -0.003569
eigenvalue  17, =     0.910486
eigenvector:
    0.015766    0.249515    0.147650   -0.201599   -0.130439
    0.213454    0.230498    0.095318    0.209659    0.139744
    0.184469   -0.158423    0.143157   -0.215959   -0.018250
   -0.245608   -0.157906    0.182131    0.197726    0.157691
   -0.199577    0.178781    0.171872   -0.148303    0.259574
   -0.087118   -0.083876   -0.180064    0.086156    0.053035
   -0.360247    0.008127
eigenvalue  18, =     0.774724
eigenvector:
   -0.008764    0.249847    0.199950   -0.150297   -0.215492
    0.126955    0.118350    0.220715    0.240647   -0.070449
   -0.054937   -0.240436    0.239379    0.059794    0.259817
   -0.046252    0.215278   -0.185660    0.103751    0.135479
    0.269181    0.063533   -0.265202   -0.068989   -0.249296
   -0.069589    0.177742    0.082540   -0.153802   -0.089873
    0.310380   -0.022383
eigenvalue  19, =     0.910591
eigenvector:
   -0.033237    0.247786    0.234966   -0.085436   -0.249743
    0.010502   -0.048320    0.246867    0.094323   -0.228111
   -0.240211   -0.069093   -0.000633    0.252902    0.064248
    0.238761    0.111673   -0.080545   -0.216289   -0.235134
   -0.051569   -0.226495    0.174581    0.233506    0.146781
    0.196126   -0.215531    0.036583    0.240698    0.128028
   -0.239235    0.037702
eigenvalue  20, =     0.774679
eigenvector:
   -0.057339    0.243327    0.249510   -0.013786   -0.224984
   -0.108737   -0.192807    0.159933   -0.121760   -0.221570
   -0.169961    0.174482   -0.238739    0.089699   -0.239910
    0.093588   -0.236793    0.236233   -0.063760   -0.000951
   -0.222466    0.140311    0.036600   -0.215912   -0.003095
   -0.229287    0.186264   -0.138069   -0.323075   -0.156785
    0.155596   -0.052163
eigenvalue  21, =     0.679460
eigenvector:
   -0.080931    0.236551    0.243019    0.059388   -0.147011
   -0.202005   -0.249795   -0.000657   -0.245708   -0.050471
    0.077295    0.235138   -0.139340   -0.208412   -0.113910
   -0.228790   -0.061117   -0.055290    0.230731    0.224646
    0.261905    0.096419   -0.212927    0.036978   -0.123320
    0.146782   -0.103682    0.193870    0.376862    0.163207
   -0.066516    0.067207
eigenvalue  22, =     0.679449
eigenvector:
   -0.103722    0.227462    0.215106    0.127290   -0.034680
   -0.246972   -0.193948   -0.159632   -0.190999    0.156122
    0.245115    0.049489    0.155053   -0.203423    0.217707
   -0.135987    0.251046   -0.215245    0.020808   -0.113017
   -0.024323   -0.222746    0.221435    0.159555    0.181347
    0.018842   -0.012455   -0.187612   -0.390114   -0.150867
   -0.019973   -0.062285
eigenvalue  23, =     0.611283
eigenvector:
   -0.125516    0.216221    0.169037    0.184403    0.086028
   -0.234947   -0.049046   -0.245918    0.002597    0.249992
    0.154477   -0.195273    0.226724    0.087978    0.153984
    0.209412    0.004845    0.197576   -0.238515   -0.164737
   -0.240555    0.103244   -0.060483   -0.229572   -0.148445
   -0.181384    0.146837    0.114624    0.369409    0.121573
    0.091055    0.033761
eigenvalue  24, =     0.611421
eigenvector:
   -0.146104    0.202862    0.108089    0.225288    0.185951
   -0.167101    0.116828   -0.219404    0.193952    0.159591
   -0.098061   -0.229481   -0.011048    0.253441   -0.186293
    0.172240   -0.250927    0.094103    0.022059    0.206974
    0.252124    0.122110   -0.150253    0.128798    0.047592
    0.252255   -0.264278   -0.000989   -0.325781   -0.067783
   -0.132157    0.003711
eigenvalue  25, =     0.563257
eigenvector:
   -0.165270    0.187572    0.038101    0.247013    0.243170
   -0.058768    0.230521   -0.095120    0.244495   -0.047538
   -0.247756   -0.020436   -0.243544    0.059335   -0.184863
   -0.178122    0.048744   -0.257881    0.240335    0.042732
   -0.001960   -0.209218    0.261190    0.066386    0.066962
   -0.192326    0.320017   -0.119061    0.269159   -0.002203
    0.140011   -0.052568
eigenvalue  26, =     0.563727
eigenvector:
   -0.182879    0.170467   -0.035299    0.247399    0.242382
    0.062326    0.239539    0.073238    0.116020   -0.219191
   -0.138609    0.209019   -0.126682   -0.222075    0.145304
   -0.204085    0.244261    0.052736   -0.065521   -0.228922
   -0.237554    0.069209   -0.187175   -0.220126   -0.147182
    0.030105   -0.293930    0.215334   -0.213263    0.058332
   -0.128547    0.112185
eigenvalue  27, =     0.530357
eigenvector:
   -0.198697    0.151714   -0.105466    0.226551    0.183642
    0.169900    0.140431    0.207077   -0.095339   -0.232221
    0.118414    0.220473    0.167951   -0.181247    0.207403
    0.139777   -0.110758    0.242957   -0.236138    0.086626
    0.221039    0.155340   -0.021279    0.228366    0.167260
    0.156783    0.196617   -0.264567    0.163783   -0.094505
    0.113426   -0.175112
eigenvalue  28, =     0.530254
eigenvector:
   -0.212626    0.131520   -0.166818    0.186291    0.082417
    0.235961   -0.023523    0.247716   -0.240630   -0.073874
    0.249461   -0.006852    0.223249    0.113531   -0.098021
    0.228936   -0.212740   -0.205409    0.115413    0.187755
    0.017376   -0.234860    0.207494   -0.084442   -0.115131
   -0.276632   -0.059449    0.256094   -0.131800    0.127925
   -0.093791    0.239030
eigenvalue  29, =     0.506863
eigenvector:
   -0.224487    0.110029   -0.213660    0.129731   -0.038527
    0.247268   -0.176584    0.176627   -0.205809    0.139252
    0.119887   -0.223360   -0.034595    0.247092   -0.226226
   -0.095049    0.153530   -0.119487    0.215065   -0.209509
   -0.222822    0.079038   -0.231267   -0.118086    0.002711
    0.269033   -0.077935   -0.192569    0.120569   -0.158375
    0.058217   -0.302831
eigenvalue  30, =     0.509614
eigenvector:
   -0.234182    0.087490   -0.242122    0.062285   -0.150246
    0.199675   -0.249146    0.024211   -0.024415    0.252076
   -0.139144   -0.205711   -0.243659    0.026600    0.056220
   -0.243854    0.177316    0.273424   -0.155245   -0.055564
    0.188782    0.159249    0.073027    0.243870    0.123288
   -0.143487    0.175679    0.094693   -0.105317    0.163587
   -0.008440    0.358737
eigenvalue  31, =     0.509095
eigenvector:
   -0.241628    0.064128   -0.249833   -0.010784   -0.227095
    0.105115   -0.209310   -0.138377    0.175899    0.175319
   -0.250991    0.030583   -0.108716   -0.230208    0.229469
    0.041884   -0.179542   -0.039148   -0.190364    0.242816
    0.040129   -0.234852    0.137323   -0.201091   -0.195432
   -0.039632   -0.210038    0.014053    0.068748   -0.127004
   -0.035739   -0.391616
eigenvalue  32, =     0.505645
eigenvector:
   -0.246756    0.040132   -0.235901   -0.082918   -0.249311
   -0.014441   -0.072927   -0.238322    0.247969   -0.025904
   -0.093282    0.235512    0.181523   -0.153710   -0.002736
    0.250778   -0.152111   -0.249792    0.189512   -0.087496
   -0.219653    0.068642   -0.222422    0.013705    0.166498
    0.208591    0.179552   -0.114178   -0.020827    0.056150
    0.061931    0.386124
Rotations: 50001
Total time:16.624936 sec
