
[8.000000][7.000000][6.000000][5.000000][4.000000][3.000000][2.000000][1.000000][0.000000][-1.000000][-2.000000][-3.000000][-4.000000][-5.000000][-6.000000][-7.000000]
[7.000000][8.000000][7.000000][6.000000][5.000000][4.000000][3.000000][2.000000][1.000000][0.000000][-1.000000][-2.000000][-3.000000][-4.000000][-5.000000][-6.000000]
[6.000000][7.000000][8.000000][7.000000][6.000000][5.000000][4.000000][3.000000][2.000000][1.000000][0.000000][-1.000000][-2.000000][-3.000000][-4.000000][-5.000000]
[5.000000][6.000000][7.000000][8.000000][7.000000][6.000000][5.000000][4.000000][3.000000][2.000000][1.000000][0.000000][-1.000000][-2.000000][-3.000000][-4.000000]
[4.000000][5.000000][6.000000][7.000000][8.000000][7.000000][6.000000][5.000000][4.000000][3.000000][2.000000][1.000000][0.000000][-1.000000][-2.000000][-3.000000]
[3.000000][4.000000][5.000000][6.000000][7.000000][8.000000][7.000000][6.000000][5.000000][4.000000][3.000000][2.000000][1.000000][0.000000][-1.000000][-2.000000]
[2.000000][3.000000][4.000000][5.000000][6.000000][7.000000][8.000000][7.000000][6.000000][5.000000][4.000000][3.000000][2.000000][1.000000][0.000000][-1.000000]
[1.000000][2.000000][3.000000][4.000000][5.000000][6.000000][7.000000][8.000000][7.000000][6.000000][5.000000][4.000000][3.000000][2.000000][1.000000][0.000000]
[0.000000][1.000000][2.000000][3.000000][4.000000][5.000000][6.000000][7.000000][8.000000][7.000000][6.000000][5.000000][4.000000][3.000000][2.000000][1.000000]
[-1.000000][0.000000][1.000000][2.000000][3.000000][4.000000][5.000000][6.000000][7.000000][8.000000][7.000000][6.000000][5.000000][4.000000][3.000000][2.000000]
[-2.000000][-1.000000][0.000000][1.000000][2.000000][3.000000][4.000000][5.000000][6.000000][7.000000][8.000000][7.000000][6.000000][5.000000][4.000000][3.000000]
[-3.000000][-2.000000][-1.000000][0.000000][1.000000][2.000000][3.000000][4.000000][5.000000][6.000000][7.000000][8.000000][7.000000][6.000000][5.000000][4.000000]
[-4.000000][-3.000000][-2.000000][-1.000000][0.000000][1.000000][2.000000][3.000000][4.000000][5.000000][6.000000][7.000000][8.000000][7.000000][6.000000][5.000000]
[-5.000000][-4.000000][-3.000000][-2.000000][-1.000000][0.000000][1.000000][2.000000][3.000000][4.000000][5.000000][6.000000][7.000000][8.000000][7.000000][6.000000]
[-6.000000][-5.000000][-4.000000][-3.000000][-2.000000][-1.000000][0.000000][1.000000][2.000000][3.000000][4.000000][5.000000][6.000000][7.000000][8.000000][7.000000]
[-7.000000][-6.000000][-5.000000][-4.000000][-3.000000][-2.000000][-1.000000][0.000000][1.000000][2.000000][3.000000][4.000000][5.000000][6.000000][7.000000][8.000000]
****** Finding Eigenvalues ******

******  Eigenvalues ******

[52.043449][-0.000001][-0.000021][-0.000018][-0.000281][-0.001334][-0.000026][-0.001130][-0.000862][0.000306][0.000183][-0.000382][0.001263][-0.001804][-0.000042][-0.000194]
[-0.000001][52.043446][0.000014][-0.000005][-0.000826][0.000045][-0.001474][0.000030][0.000049][-0.000308][0.000199][0.001190][-0.000153][-0.000086][-0.001779][0.001630]
[-0.000021][0.000015][5.933656][-0.000001][-0.000713][-0.000633][-0.001523][0.000265][-0.000125][-0.000291][0.000099][0.000112][0.000307][-0.000317][-0.000099][0.000268]
[-0.000019][-0.000002][-0.000000][5.933649][-0.000233][0.000702][0.000399][0.000276][-0.000148][0.000202][-0.001600][0.000779][0.000308][-0.001770][-0.001769][0.001230]
[-0.000281][-0.000826][-0.000712][-0.000232][2.250068][-0.000000][0.000681][0.000422][0.001386][0.001658][0.000676][0.000965][-0.001205][0.000833][0.000756][0.000301]
[-0.001334][0.000045][-0.000633][0.000702][-0.000000][2.250072][0.000146][0.001027][0.001180][-0.000616][0.000890][-0.001216][-0.000631][-0.001776][0.001295][0.000632]
[-0.000026][-0.001475][-0.001523][0.000399][0.000681][0.000146][1.243875][-0.000033][0.002214][-0.002221][-0.000150][0.000122][-0.001352][-0.000999][0.002215][-0.002222]
[-0.001130][0.000029][0.000264][0.000275][0.000422][0.001027][-0.000033][1.242913][0.002218][-0.002218][0.000006][-0.000059][0.000330][-0.000487][0.002222][-0.000675]
[-0.000862][0.000047][-0.000125][-0.000149][0.001386][0.001181][0.002214][0.002218][0.836888][0.000029][-0.002221][-0.002221][-0.000000][-0.000093][0.000708][0.000035]
[0.000305][-0.000308][-0.000291][0.000203][0.001658][-0.000616][-0.002221][-0.002218][0.000029][0.836901][0.002222][0.002219][-0.000123][0.000033][-0.000691][0.000076]
[0.000184][0.000198][0.000100][-0.001600][0.000676][0.000890][-0.000150][0.000006][-0.002221][0.002222][0.642793][0.000046][0.002219][-0.002216][-0.000002][0.000093]
[-0.000382][0.001190][0.000112][0.000779][0.000965][-0.001216][0.000122][-0.000059][-0.002221][0.002219][0.000046][0.642781][0.002170][0.001995][-0.000149][-0.002028]
[0.001264][-0.000155][0.000306][0.000307][-0.001205][-0.000630][-0.001352][0.000330][-0.000000][-0.000123][0.002219][0.002170][0.545901][-0.000015][-0.002214][-0.001991]
[-0.001804][-0.000085][-0.000317][-0.001770][0.000832][-0.001776][-0.000999][-0.000487][-0.000093][0.000033][-0.002217][0.001995][-0.000014][0.545865][-0.002208][0.002212]
[-0.000042][-0.001777][-0.000099][-0.001768][0.000756][0.001295][0.002216][0.002222][0.000708][-0.000691][-0.000002][-0.000148][-0.002214][-0.002207][0.505538][-0.000016]
[-0.000194][0.001630][0.000268][0.001230][0.000302][0.000632][-0.002223][-0.000675][0.000035][0.000076][0.000093][-0.002028][-0.001991][0.002212][-0.000016][0.505354]
eigenvalue   1, =    52.043449
eigenvector:
    0.348447   -0.059878   -0.124787    0.330690   -0.349010
   -0.056355    0.337837    0.110389   -0.346112   -0.085189
   -0.164644   -0.290946   -0.341943   -0.039091    0.107023
    0.360958
eigenvalue   2, =    52.043446
eigenvector:
    0.353432    0.009252   -0.287638    0.205761   -0.147813
   -0.320652   -0.039547    0.352708   -0.015975    0.349708
   -0.155836    0.303951    0.266288    0.242124   -0.044821
   -0.358710
eigenvalue   3, =     5.933656
eigenvector:
    0.344826    0.078002   -0.353539    0.011297    0.185289
   -0.302048   -0.354189    0.025692    0.351607   -0.051547
    0.340303   -0.033054   -0.092580   -0.363320   -0.027666
    0.337528
eigenvalue   4, =     5.933649
eigenvector:
    0.322997    0.143820   -0.299999   -0.186680    0.354098
   -0.012552   -0.097990   -0.341626   -0.125212   -0.324808
   -0.222206   -0.279350   -0.111313    0.365696    0.104939
   -0.304464
eigenvalue   5, =     2.250068
eigenvector:
    0.288718    0.204038   -0.145499   -0.322534    0.207401
    0.287046    0.319362   -0.157256   -0.299846    0.176361
   -0.100757    0.348843    0.273689   -0.250709   -0.183628
    0.271232
eigenvalue   6, =     2.250072
eigenvector:
    0.243400    0.256476    0.058021   -0.348594   -0.124258
    0.330530    0.217282    0.277148    0.241152    0.257943
    0.345710   -0.107466   -0.344305    0.063303    0.255104
   -0.241235
eigenvalue   7, =     1.243875
eigenvector:
    0.188675    0.298983    0.241729   -0.258040   -0.343314
    0.081599   -0.230269    0.267373    0.206876   -0.278301
   -0.288179   -0.230697    0.300762    0.129972   -0.307256
    0.207119
eigenvalue   8, =     1.242913
eigenvector:
    0.126689    0.330062    0.344185   -0.079932   -0.258740
   -0.240416   -0.310538   -0.173299   -0.318911   -0.153535
   -0.027035    0.361935   -0.158708   -0.270665    0.342121
   -0.163423
eigenvalue   9, =     0.836888
eigenvector:
    0.059871    0.348440    0.330821    0.124960    0.055609
   -0.348337    0.113239   -0.332955   -0.086740    0.341553
    0.320609   -0.173581   -0.033748    0.318411   -0.361406
    0.108592
eigenvalue  10, =     0.836901
eigenvector:
   -0.009258    0.353467    0.205851    0.287532    0.321057
   -0.148104    0.348509    0.038138    0.348989    0.023913
   -0.330716   -0.162421    0.220320   -0.256630    0.357829
   -0.041476
eigenvalue  11, =     0.642793
eigenvector:
   -0.077992    0.344821    0.011350    0.353263    0.300972
    0.185403    0.026885    0.352426   -0.042209   -0.357229
    0.050061    0.352366   -0.345881    0.103865   -0.335677
   -0.035014
eigenvalue  12, =     0.642781
eigenvector:
   -0.143800    0.322994   -0.187014    0.300227    0.013648
    0.353320   -0.337463    0.098113   -0.334799    0.118948
    0.267036   -0.234016    0.365802    0.090929    0.307693
    0.112052
eigenvalue  13, =     0.545901
eigenvector:
   -0.204052    0.288721   -0.322179    0.145407   -0.286408
    0.207683   -0.160839   -0.313567    0.173112    0.310711
   -0.339308   -0.085083   -0.267901   -0.264706   -0.277245
   -0.182499
eigenvalue  14, =     0.545865
eigenvector:
   -0.256445    0.243369   -0.348775   -0.057749   -0.331962
   -0.122808    0.275442   -0.222424    0.267750   -0.241315
    0.110960    0.325171    0.082186    0.354258    0.240422
    0.248199
eigenvalue  15, =     0.505538
eigenvector:
   -0.299033    0.188681   -0.257881   -0.241878   -0.081063
   -0.344435    0.269064    0.229458   -0.280942   -0.214276
    0.208021   -0.278944    0.128611   -0.322955   -0.199853
   -0.305328
eigenvalue  16, =     0.505354
eigenvector:
   -0.330056    0.126705   -0.080039   -0.344392    0.240041
   -0.259192   -0.169763    0.311196   -0.156504    0.322711
   -0.336569   -0.012197   -0.289687    0.175876    0.157292
    0.343600
Rotations: 50001
Total time:2.272125 sec
