
[-2.000000][-1.000000][0.000000][1.000000][2.000000]
[-1.000000][-1.000000][0.000000][1.000000][2.000000]
[0.000000][0.000000][0.000000][1.000000][2.000000]
[1.000000][1.000000][1.000000][1.000000][2.000000]
[2.000000][2.000000][2.000000][2.000000][2.000000]
****** Finding Eigenvalues ******

******  Eigenvalues ******

[5.630339][-0.000614][0.000087][-0.000226][0.000067]
[-0.000614][-0.277626][0.000650][-0.000001][0.000133]
[0.000087][0.000650][-0.391462][-0.000650][-0.000190]
[-0.000226][-0.000001][-0.000650][-0.786500][0.000124]
[0.000067][0.000133][-0.000190][0.000124][-4.177851]
eigenvalue   1, =     5.630339
eigenvector:
    0.220174   -0.199456   -0.387838   -0.537813   -0.687887

eigenvalue   2, =    -0.277626
eigenvector:
    0.259367    0.521340    0.605449    0.147000   -0.523237

eigenvalue   3, =    -0.391462
eigenvector:
    0.344437   -0.639529    0.045183    0.645765   -0.233341

eigenvalue   4, =    -0.786500
eigenvector:
    0.490901    0.502977   -0.625614    0.321386    0.112462

eigenvalue   5, =    -4.177851
eigenvector:
    0.724315   -0.162828    0.303609   -0.414034    0.431206

Rotations: 50001
Total time:0.079594 sec
