
[5.000000][4.000000][3.000000][2.000000][1.000000][0.000000][-1.000000][-2.000000][-3.000000][-4.000000]
[4.000000][5.000000][4.000000][3.000000][2.000000][1.000000][0.000000][-1.000000][-2.000000][-3.000000]
[3.000000][4.000000][5.000000][4.000000][3.000000][2.000000][1.000000][0.000000][-1.000000][-2.000000]
[2.000000][3.000000][4.000000][5.000000][4.000000][3.000000][2.000000][1.000000][0.000000][-1.000000]
[1.000000][2.000000][3.000000][4.000000][5.000000][4.000000][3.000000][2.000000][1.000000][0.000000]
[0.000000][1.000000][2.000000][3.000000][4.000000][5.000000][4.000000][3.000000][2.000000][1.000000]
[-1.000000][0.000000][1.000000][2.000000][3.000000][4.000000][5.000000][4.000000][3.000000][2.000000]
[-2.000000][-1.000000][0.000000][1.000000][2.000000][3.000000][4.000000][5.000000][4.000000][3.000000]
[-3.000000][-2.000000][-1.000000][0.000000][1.000000][2.000000][3.000000][4.000000][5.000000][4.000000]
[-4.000000][-3.000000][-2.000000][-1.000000][0.000000][1.000000][2.000000][3.000000][4.000000][5.000000]
****** Finding Eigenvalues ******

******  Eigenvalues ******

[20.431728][0.000000][0.000000][-0.000129][-0.000019][-0.000031][-0.000132][0.000328][0.000146][0.000069]
[-0.000000][20.431734][-0.000226][-0.000000][0.000770][-0.000027][0.000300][0.000117][0.000086][0.000094]
[0.000001][-0.000224][2.425918][0.000000][-0.000507][0.000798][0.000490][0.000744][-0.001202][0.001160]
[-0.000129][-0.000001][0.000000][2.425920][-0.000766][-0.000402][-0.000856][-0.000543][0.000243][0.000443]
[-0.000019][0.000770][-0.000507][-0.000767][1.001523][-0.000000][-0.001232][-0.001232][0.000014][0.000015]
[-0.000031][-0.000028][0.000797][-0.000402][0.000000][1.001410][0.001232][-0.001232][-0.000015][-0.000027]
[-0.000131][0.000299][0.000490][-0.000856][-0.001232][0.001232][0.630444][0.000025][0.001232][0.001232]
[0.000328][0.000117][0.000743][-0.000543][-0.001232][-0.001232][0.000025][0.630422][-0.001232][-0.001232]
[0.000146][0.000086][-0.001202][0.000243][0.000014][-0.000015][0.001232][-0.001232][0.512567][0.000025]
[0.000069][0.000094][0.001159][0.000443][0.000015][-0.000027][0.001231][-0.001232][0.000025][0.512565]
eigenvalue   1, =    20.431728
eigenvector:
    0.443527   -0.057232    0.412714    0.171080   -0.254867
   -0.365212   -0.180204    0.415229   -0.186228    0.403589

eigenvalue   2, =    20.431734
eigenvector:
    0.439526    0.082610    0.104970    0.434902    0.365096
   -0.256018   -0.225998   -0.389645    0.046177   -0.443116

eigenvalue   3, =     2.425918
eigenvector:
    0.392478    0.214368   -0.291076    0.340262    0.256921
    0.365836    0.439985    0.045246    0.099593    0.441018

eigenvalue   4, =     2.425920
eigenvector:
    0.307011    0.325193   -0.446061   -0.035359   -0.367040
    0.257176   -0.287327    0.329481   -0.231835   -0.392988

eigenvalue   5, =     1.001523
eigenvector:
    0.191503    0.404144   -0.233129   -0.381967   -0.256883
   -0.368468   -0.104666   -0.427878    0.337426    0.300806

eigenvalue   6, =     1.001410
eigenvector:
    0.057246    0.443517    0.171289   -0.412616    0.369530
   -0.256010    0.415015    0.171221   -0.407108   -0.177290

eigenvalue   7, =     0.630444
eigenvector:
   -0.082625    0.439515    0.435053   -0.104116    0.254766
    0.369735   -0.389526    0.231106    0.438252    0.038263

eigenvalue   8, =     0.630422
eigenvector:
   -0.214378    0.392498    0.339477    0.290410   -0.368977
    0.253859    0.047471   -0.448548   -0.432022    0.100586

eigenvalue   9, =     0.512567
eigenvector:
   -0.325181    0.307018   -0.035041    0.445832   -0.253524
   -0.367644    0.333471    0.299339    0.386633   -0.225084

eigenvalue  10, =     0.512565
eigenvector:
   -0.404138    0.191490   -0.381471    0.233384    0.366276
   -0.253880   -0.439210    0.097502   -0.302859    0.328115

Rotations: 50001
Total time:0.277441 sec
