
[8.000000][7.000000][6.000000][5.000000][4.000000][3.000000][2.000000][1.000000][0.000000][-1.000000][-2.000000][-3.000000][-4.000000][-5.000000][-6.000000][-7.000000]
[7.000000][8.000000][7.000000][6.000000][5.000000][4.000000][3.000000][2.000000][1.000000][0.000000][-1.000000][-2.000000][-3.000000][-4.000000][-5.000000][-6.000000]
[6.000000][7.000000][8.000000][7.000000][6.000000][5.000000][4.000000][3.000000][2.000000][1.000000][0.000000][-1.000000][-2.000000][-3.000000][-4.000000][-5.000000]
[5.000000][6.000000][7.000000][8.000000][7.000000][6.000000][5.000000][4.000000][3.000000][2.000000][1.000000][0.000000][-1.000000][-2.000000][-3.000000][-4.000000]
[4.000000][5.000000][6.000000][7.000000][8.000000][7.000000][6.000000][5.000000][4.000000][3.000000][2.000000][1.000000][0.000000][-1.000000][-2.000000][-3.000000]
[3.000000][4.000000][5.000000][6.000000][7.000000][8.000000][7.000000][6.000000][5.000000][4.000000][3.000000][2.000000][1.000000][0.000000][-1.000000][-2.000000]
[2.000000][3.000000][4.000000][5.000000][6.000000][7.000000][8.000000][7.000000][6.000000][5.000000][4.000000][3.000000][2.000000][1.000000][0.000000][-1.000000]
[1.000000][2.000000][3.000000][4.000000][5.000000][6.000000][7.000000][8.000000][7.000000][6.000000][5.000000][4.000000][3.000000][2.000000][1.000000][0.000000]
[0.000000][1.000000][2.000000][3.000000][4.000000][5.000000][6.000000][7.000000][8.000000][7.000000][6.000000][5.000000][4.000000][3.000000][2.000000][1.000000]
[-1.000000][0.000000][1.000000][2.000000][3.000000][4.000000][5.000000][6.000000][7.000000][8.000000][7.000000][6.000000][5.000000][4.000000][3.000000][2.000000]
[-2.000000][-1.000000][0.000000][1.000000][2.000000][3.000000][4.000000][5.000000][6.000000][7.000000][8.000000][7.000000][6.000000][5.000000][4.000000][3.000000]
[-3.000000][-2.000000][-1.000000][0.000000][1.000000][2.000000][3.000000][4.000000][5.000000][6.000000][7.000000][8.000000][7.000000][6.000000][5.000000][4.000000]
[-4.000000][-3.000000][-2.000000][-1.000000][0.000000][1.000000][2.000000][3.000000][4.000000][5.000000][6.000000][7.000000][8.000000][7.000000][6.000000][5.000000]
[-5.000000][-4.000000][-3.000000][-2.000000][-1.000000][0.000000][1.000000][2.000000][3.000000][4.000000][5.000000][6.000000][7.000000][8.000000][7.000000][6.000000]
[-6.000000][-5.000000][-4.000000][-3.000000][-2.000000][-1.000000][0.000000][1.000000][2.000000][3.000000][4.000000][5.000000][6.000000][7.000000][8.000000][7.000000]
[-7.000000][-6.000000][-5.000000][-4.000000][-3.000000][-2.000000][-1.000000][0.000000][1.000000][2.000000][3.000000][4.000000][5.000000][6.000000][7.000000][8.000000]
****** Finding Eigenvalues ******

******  Eigenvalues ******

[52.043472][-0.000000][-0.001001][0.000159][-0.000065][-0.001579][-0.000350][-0.000448][0.000061][0.000969][-0.001765][0.000159][0.000080][-0.001206][0.000126][-0.001424]
[-0.000000][52.043476][0.000880][0.001027][0.000277][-0.000225][0.001804][0.000022][-0.000317][0.000212][0.000094][-0.000112][-0.000071][-0.000707][0.000341][-0.000164]
[-0.001002][0.000877][5.933652][0.000002][0.000382][-0.000505][-0.000431][0.001041][0.000253][0.000012][0.000092][-0.000152][-0.001583][0.000278][0.000251][-0.001055]
[0.000159][0.001026][0.000001][5.933656][0.000642][-0.000198][0.001179][-0.000319][-0.000461][0.001612][-0.000681][-0.000136][0.000383][0.001223][0.000146][-0.001371]
[-0.000065][0.000276][0.000382][0.000642][2.250070][0.000001][0.000621][-0.000781][0.000675][0.001381][0.000768][0.001881][-0.000206][0.000982][-0.000931][0.000410]
[-0.001578][-0.000226][-0.000505][-0.000198][0.000001][2.250072][0.000742][-0.001080][-0.000469][0.000551][-0.001337][-0.001042][0.000323][-0.001414][-0.001225][-0.001265]
[-0.000350][0.001805][-0.000431][0.001179][0.000621][0.000742][1.243902][0.000005][0.001920][0.001922][0.000007][-0.000060][-0.000048][-0.000368][0.001925][-0.000036]
[-0.000447][0.000022][0.001041][-0.000319][-0.000780][-0.001080][0.000005][1.242779][0.001922][-0.001922][-0.000022][-0.000025][0.000615][0.000150][-0.001588][0.000012]
[0.000061][-0.000318][0.000253][-0.000461][0.000675][-0.000469][0.001921][0.001923][0.837023][-0.000034][0.001921][0.001922][0.000025][0.000097][0.000840][0.001919]
[0.000969][0.000213][0.000012][0.001611][0.001381][0.000552][0.001922][-0.001922][-0.000034][0.837036][0.001922][0.001916][0.000066][0.000113][0.000284][-0.000835]
[-0.001765][0.000094][0.000092][-0.000681][0.000768][-0.001337][0.000007][-0.000022][0.001921][0.001922][0.642814][0.000116][-0.001918][-0.001915][0.000136][0.000164]
[0.000159][-0.000113][-0.000152][-0.000135][0.001881][-0.001042][-0.000060][-0.000025][0.001922][0.001916][0.000116][0.642815][0.001922][0.001918][-0.000084][0.000010]
[0.000081][-0.000070][-0.001583][0.000383][-0.000205][0.000323][-0.000048][0.000615][0.000025][0.000066][-0.001918][0.001922][0.545949][-0.000082][-0.001906][0.001466]
[-0.001206][-0.000708][0.000278][0.001223][0.000982][-0.001414][-0.000368][0.000150][0.000097][0.000113][-0.001915][0.001918][-0.000082][0.545910][-0.001905][0.001908]
[0.000126][0.000342][0.000251][0.000146][-0.000931][-0.001225][0.001925][-0.001588][0.000840][0.000284][0.000136][-0.000084][-0.001906][-0.001905][0.505489][-0.000165]
[-0.001424][-0.000165][-0.001055][-0.001370][0.000410][-0.001265][-0.000036][0.000013][0.001919][-0.000836][0.000164][0.000010][0.001466][0.001908][-0.000165][0.505021]
eigenvalue   1, =    52.043472
eigenvector:
    0.353528   -0.004662    0.266944    0.232081    0.253737
    0.247156   -0.301932    0.184128    0.349822   -0.060664
   -0.315540   -0.154589    0.176387   -0.312228    0.075572
    0.340124
eigenvalue   2, =    52.043476
eigenvector:
    0.347641    0.064402    0.093113    0.340885   -0.065741
    0.347592   -0.242651   -0.257088   -0.009354    0.348960
    0.053126    0.346354    0.034917    0.374634   -0.019705
   -0.336979
eigenvalue   3, =     5.933652
eigenvector:
    0.328409    0.130965   -0.111937    0.335501   -0.324882
    0.138666    0.208239   -0.285701   -0.348455   -0.070783
    0.253413   -0.224062   -0.234974   -0.312648   -0.042757
    0.323470
eigenvalue   4, =     5.933656
eigenvector:
    0.296512    0.192524   -0.279461    0.216439   -0.295740
   -0.193244    0.322491    0.144280    0.147541   -0.320977
   -0.332346   -0.107214    0.354797    0.144430    0.112584
   -0.307397
eigenvalue   5, =     2.250070
eigenvector:
    0.253267    0.246694   -0.352869    0.024873   -0.004951
   -0.352521   -0.082640    0.344086    0.287054    0.194720
    0.108877    0.346683   -0.357277    0.068390   -0.182467
    0.287225
eigenvalue   6, =     2.250072
eigenvector:
    0.200258    0.291365   -0.307068   -0.175428    0.292231
   -0.200054   -0.354324   -0.009242   -0.253402    0.244970
    0.218883   -0.277190    0.248599   -0.247659    0.248601
   -0.255427
eigenvalue   7, =     1.243902
eigenvector:
    0.139601    0.324847   -0.157754   -0.316395    0.328094
    0.131063   -0.053777   -0.350537   -0.191025   -0.290486
   -0.351755   -0.037487   -0.067596    0.332150   -0.307191
    0.210490
eigenvalue   8, =     1.242779
eigenvector:
    0.073550    0.345813    0.044541   -0.350689    0.072635
    0.345967    0.329474   -0.125860    0.324759   -0.133984
    0.165934    0.318972   -0.127125   -0.294673    0.348807
   -0.153633
eigenvalue   9, =     0.837023
eigenvector:
    0.004686    0.353523    0.231982   -0.266971   -0.247267
    0.252824    0.185554    0.300717    0.068285    0.348838
    0.173138   -0.320664    0.274209    0.151584   -0.367618
    0.088038
eigenvalue  10, =     0.837036
eigenvector:
   -0.064403    0.347642    0.340941   -0.093025   -0.346757
   -0.064483   -0.258020    0.244608   -0.351513   -0.004696
   -0.361044    0.044253   -0.327917    0.042218    0.366247
   -0.014771
eigenvalue  11, =     0.642814
eigenvector:
   -0.130981    0.328399    0.335410    0.112335   -0.139220
   -0.325080   -0.285528   -0.208636    0.067764   -0.351219
    0.228798    0.264638    0.270587   -0.222677   -0.350036
   -0.066182
eigenvalue  12, =     0.642815
eigenvector:
   -0.192525    0.296519    0.216501    0.279336    0.192631
   -0.296226    0.143372   -0.321911    0.324816    0.144444
    0.104487   -0.339439   -0.118339    0.333175    0.319483
    0.147277
eigenvalue  13, =     0.545949
eigenvector:
   -0.246710    0.253247    0.024734    0.352430    0.353364
   -0.005386    0.344840    0.082212   -0.193940    0.295111
   -0.343035    0.119104   -0.082609   -0.337700   -0.274779
   -0.216677
eigenvalue  14, =     0.545910
eigenvector:
   -0.291320    0.200282   -0.175278    0.307107    0.200174
    0.292897   -0.009490    0.353074   -0.252184   -0.259208
    0.282009    0.203941    0.262702    0.235239    0.225750
    0.268883
eigenvalue  15, =     0.505489
eigenvector:
   -0.324832    0.139612   -0.316514    0.158028   -0.130750
    0.328231   -0.349014    0.054553    0.300523   -0.191702
    0.020648   -0.343845   -0.354859   -0.054387   -0.179037
   -0.306259
eigenvalue  16, =     0.505021
eigenvector:
   -0.345843    0.073554   -0.350460   -0.044478   -0.346465
    0.072813   -0.126953   -0.329991    0.127652    0.331135
   -0.301147    0.173872    0.323576   -0.150673    0.129429
    0.330045
Rotations: 50001
Total time:0.606796 sec
